1.000000 1.000000 0.000000 -20.000000 -19.000000 620.000000 0.000000 0.000000 1.000000 2.000000 3.000000 1.000000 2.000000 3.000000 1.000000 2.000000 3.000000
1.000000 1.000000 0.000000 -19.900000 -18.900000 620.000000 0.000000 0.000000 1.000000 2.000000 3.000000 1.000000 2.000000 3.000000 1.000000 2.000000 3.000000
1.000000 1.000000 0.000000 -19.800000 -18.800000 620.000000 0.000000 0.000000 1.000000 2.000000 3.000000 1.000000 2.000000 3.000000 1.000000 2.000000 3.000000
1.000000 1.000000 0.000000 -19.700000 -18.700000 620.000000 0.000000 0.000000 1.000000 2.000000 3.000000 1.000000 2.000000 3.000000 1.000000 2.000000 3.000000
1.000000 1.000000 0.000000 -19.600000 -18.600000 620.000000 0.000000 0.000000 1.000000 2.000000 3.000000 1.000000 2.000000 3.000000 1.000000 2.000000 3.000000
1.000000 1.000000 0.000000 -19.500000 -18.500000 620.000000 0.000000 0.000000 1.000000 2.000000 3.000000 1.000000 2.000000 3.000000 1.000000 2.000000 3.000000
1.000000 1.000000 0.000000 -19.400000 -18.400000 620.000000 0.000000 0.000000 1.000000 2.000000 3.000000 1.000000 2.000000 3.000000 1.000000 2.000000 3.000000
1.000000 1.000000 0.000000 -19.300000 -18.300000 620.000000 0.000000 0.000000 1.000000 2.000000 3.000000 1.000000 2.000000 3.000000 1.000000 2.000000 3.000000
1.000000 1.000000 0.000000 -19.200000 -18.200000 620.000000 0.000000 0.000000 1.000000 2.000000 3.000000 1.000000 2.000000 3.000000 1.000000 2.000000 3.000000
1.000000 1.000000 0.000000 -19.100000 -18.100000 620.000000 0.000000 0.000000 1.000000 2.000000 3.000000 1.000000 2.000000 3.000000 1.000000 2.000000 3.000000
1.000000 1.000000 0.000000 -19.000000 -18.000000 620.000000 0.000000 0.000000 1.000000 2.000000 3.000000 1.000000 2.000000 3.000000 1.000000 2.000000 3.000000
1.000000 1.000000 0.000000 -18.900000 -17.900000 620.000000 0.000000 0.000000 1.000000 2.000000 3.000000 1.000000 2.000000 3.000000 1.000000 2.000000 3.000000
1.000000 1.000000 0.000000 -18.800000 -17.800000 620.000000 0.000000 0.000000 1.000000 2.000000 3.000000 1.000000 2.000000 3.000000 1.000000 2.000000 3.000000
1.000000 1.000000 0.000000 -18.700000 -17.700000 620.000000 0.000000 0.000000 1.000000 2.000000 3.000000 1.000000 2.000000 3.000000 1.000000 2.000000 3.000000
1.000000 1.000000 0.000000 -18.600000 -17.600000 620.000000 0.000000 0.000000 1.000000 2.000000 3.000000 1.000000 2.000000 3.000000 1.000000 2.000000 3.000000
1.000000 1.000000 0.000000 -18.500000 -17.500000 620.000000 0.000000 0.000000 1.000000 2.000000 3.000000 1.000000 2.000000 3.000000 1.000000 2.000000 3.000000
1.000000 1.000000 0.000000 -18.400000 -17.400000 620.000000 0.000000 0.000000 1.000000 2.000000 3.000000 1.000000 2.000000 3.000000 1.000000 2.000000 3.000000
1.000000 1.000000 0.000000 -18.300000 -17.300000 620.000000 0.000000 0.000000 1.000000 2.000000 3.000000 1.000000 2.000000 3.000000 1.000000 2.000000 3.000000
1.000000 1.000000 0.000000 -18.200000 -17.200000 620.000000 0.000000 0.000000 1.000000 2.000000 3.000000 1.000000 2.000000 3.000000 1.000000 2.000000 3.000000
1.000000 1.000000 0.000000 -18.100000 -17.100000 620.000000 0.000000 0.000000 1.000000 2.000000 3.000000 1.000000 2.000000 3.000000 1.000000 2.000000 3.000000
1.000000 1.000000 0.000000 -18.000000 -17.000000 620.000000 0.000000 0.000000 1.000000 2.000000 3.000000 1.000000 2.000000 3.000000 1.000000 2.000000 3.000000
1.000000 1.000000 0.000000 -17.900000 -16.900000 620.000000 0.000000 0.000000 1.000000 2.000000 3.000000 1.000000 2.000000 3.000000 1.000000 2.000000 3.000000
1.000000 1.000000 0.000000 -17.800000 -16.800000 620.000000 0.000000 0.000000 1.000000 2.000000 3.000000 1.000000 2.000000 3.000000 1.000000 2.000000 3.000000
1.000000 1.000000 0.000000 -17.700000 -16.700000 620.000000 0.000000 0.000000 1.000000 2.000000 3.000000 1.000000 2.000000 3.000000 1.000000 2.000000 3.000000
1.000000 1.000000 0.000000 -17.600000 -16.600000 620.000000 0.000000 0.000000 1.000000 2.000000 3.000000 1.000000 2.000000 3.000000 1.000000 2.000000 3.000000
1.000000 1.000000 0.000000 -17.500000 -16.500000 620.000000 0.000000 0.000000 1.000000 2.000000 3.000000 1.000000 2.000000 3.000000 1.000000 2.000000 3.000000
1.000000 1.000000 0.000000 -17.400000 -16.400000 620.000000 0.000000 0.000000 1.000000 2.000000 3.000000 1.000000 2.000000 3.000000 1.000000 2.000000 3.000000
1.000000 1.000000 0.000000 -17.300000 -16.300000 620.000000 0.000000 0.000000 1.000000 2.000000 3.000000 1.000000 2.000000 3.000000 1.000000 2.000000 3.000000
1.000000 1.000000 0.000000 -17.200000 -16.200000 620.000000 0.000000 0.000000 1.000000 2.000000 3.000000 1.000000 2.000000 3.000000 1.000000 2.000000 3.000000
1.000000 1.000000 0.000000 -17.100000 -16.100000 620.000000 0.000000 0.000000 1.000000 2.000000 3.000000 1.000000 2.000000 3.000000 1.000000 2.000000 3.000000
1.000000 1.000000 0.000000 -17.000000 -16.000000 620.000000 0.000000 0.000000 1.000000 2.000000 3.000000 1.000000 2.000000 3.000000 1.000000 2.000000 3.000000
1.000000 1.000000 0.000000 -16.900000 -15.900000 620.000000 0.000000 0.000000 1.000000 2.000000 3.000000 1.000000 2.000000 3.000000 1.000000 2.000000 3.000000
1.000000 1.000000 0.000000 -16.800000 -15.800000 620.000000 0.000000 0.000000 1.000000 2.000000 3.000000 1.000000 2.000000 3.000000 1.000000 2.000000 3.000000
1.000000 1.000000 0.000000 -16.700000 -15.700000 620.000000 0.000000 0.000000 1.000000 2.000000 3.000000 1.000000 2.000000 3.000000 1.000000 2.000000 3.000000
1.000000 1.000000 0.000000 -16.600000 -15.600000 620.000000 0.000000 0.000000 1.000000 2.000000 3.000000 1.000000 2.000000 3.000000 1.000000 2.000000 3.000000
1.000000 1.000000 0.000000 -16.500000 -15.500000 620.000000 0.000000 0.000000 1.000000 2.000000 3.000000 1.000000 2.000000 3.000000 1.000000 2.000000 3.000000
1.000000 1.000000 0.000000 -16.400000 -15.400000 620.000000 0.000000 0.000000 1.000000 2.000000 3.000000 1.000000 2.000000 3.000000 1.000000 2.000000 3.000000
1.000000 1.000000 0.000000 -16.300000 -15.300000 620.000000 0.000000 0.000000 1.000000 2.000000 3.000000 1.000000 2.000000 3.000000 1.000000 2.000000 3.000000
1.000000 1.000000 0.000000 -16.200000 -15.200000 620.000000 0.000000 0.000000 1.000000 2.000000 3.000000 1.000000 2.000000 3.000000 1.000000 2.000000 3.000000
1.000000 1.000000 0.000000 -16.100000 -15.100000 620.000000 0.000000 0.000000 1.000000 2.000000 3.000000 1.000000 2.000000 3.000000 1.000000 2.000000 3.000000
1.000000 1.000000 0.000000 -16.000000 -15.000000 620.000000 0.000000 0.000000 1.000000 2.000000 3.000000 1.000000 2.000000 3.000000 1.000000 2.000000 3.000000
1.000000 1.000000 0.000000 -15.900000 -14.900000 620.000000 0.000000 0.000000 1.000000 2.000000 3.000000 1.000000 2.000000 3.000000 1.000000 2.000000 3.000000
1.000000 1.000000 0.000000 -15.800000 -14.800000 620.000000 0.000000 0.000000 1.000000 2.000000 3.000000 1.000000 2.000000 3.000000 1.000000 2.000000 3.000000
1.000000 1.000000 0.000000 -15.700000 -14.700000 620.000000 0.000000 0.000000 1.000000 2.000000 3.000000 1.000000 2.000000 3.000000 1.000000 2.000000 3.000000
1.000000 1.000000 0.000000 -15.600000 -14.600000 620.000000 0.000000 0.000000 1.000000 2.000000 3.000000 1.000000 2.000000 3.000000 1.000000 2.000000 3.000000
1.000000 1.000000 0.000000 -15.500000 -14.500000 620.000000 0.000000 0.000000 1.000000 2.000000 3.000000 1.000000 2.000000 3.000000 1.000000 2.000000 3.000000
1.000000 1.000000 0.000000 -15.400000 -14.400000 620.000000 0.000000 0.000000 1.000000 2.000000 3.000000 1.000000 2.000000 3.000000 1.000000 2.000000 3.000000
1.000000 1.000000 0.000000 -15.300000 -14.300000 620.000000 0.000000 0.000000 1.000000 2.000000 3.000000 1.000000 2.000000 3.000000 1.000000 2.000000 3.000000
1.000000 1.000000 0.000000 -15.200000 -14.200000 620.000000 0.000000 0.000000 1.000000 2.000000 3.000000 1.000000 2.000000 3.000000 1.000000 2.000000 3.000000
1.000000 1.000000 0.000000 -15.100000 -14.100000 620.000000 0.000000 0.000000 1.000000 2.000000 3.000000 1.000000 2.000000 3.000000 1.000000 2.000000 3.000000
1.000000 1.000000 0.000000 -15.000000 -14.000000 310.000000 496.000000 124.000000 1.000000 2.000000 3.000000 1.000000 2.000000 3.000000 1.000000 2.000000 3.000000
1.000000 1.000000 0.000000 -14.900000 -13.900000 278.156478 496.000000 124.000000 1.000000 2.000000 3.000000 1.000000 2.000000 3.000000 1.000000 2.000000 3.000000
1.000000 1.000000 0.000000 -14.800000 -13.800000 246.838559 496.000000 124.000000 1.000000 2.000000 3.000000 1.000000 2.000000 3.000000 1.000000 2.000000 3.000000
1.000000 1.000000 0.000000 -14.700000 -13.700000 216.545961 496.000000 124.000000 1.000000 2.000000 3.000000 1.000000 2.000000 3.000000 1.000000 2.000000 3.000000
1.000000 1.000000 0.000000 -14.600000 -13.600000 187.728751 496.000000 124.000000 1.000000 2.000000 3.000000 1.000000 2.000000 3.000000 1.000000 2.000000 3.000000
1.000000 1.000000 0.000000 -14.500000 -13.500000 160.767555 496.000000 124.000000 1.000000 2.000000 3.000000 1.000000 2.000000 3.000000 1.000000 2.000000 3.000000
1.000000 1.000000 0.000000 -14.400000 -13.400000 135.959188 496.000000 124.000000 1.000000 2.000000 3.000000 1.000000 2.000000 3.000000 1.000000 2.000000 3.000000
1.000000 1.000000 0.000000 -14.300000 -13.300000 113.508534 496.000000 124.000000 1.000000 2.000000 3.000000 1.000000 2.000000 3.000000 1.000000 2.000000 3.000000
1.000000 1.000000 0.000000 -14.200000 -13.200000 93.526871 496.000000 124.000000 1.000000 2.000000 3.000000 1.000000 2.000000 3.000000 1.000000 2.000000 3.000000
1.000000 1.000000 0.000000 -14.100000 -13.100000 76.036216 496.000000 124.000000 1.000000 2.000000 3.000000 1.000000 2.000000 3.000000 1.000000 2.000000 3.000000
1.000000 1.000000 0.000000 -14.000000 -13.000000 60.978737 496.000000 124.000000 1.000000 2.000000 3.000000 1.000000 2.000000 3.000000 1.000000 2.000000 3.000000
1.000000 1.000000 0.000000 -13.900000 -12.900000 48.229908 496.000000 124.000000 1.000000 2.000000 3.000000 1.000000 2.000000 3.000000 1.000000 2.000000 3.000000
1.000000 1.000000 0.000000 -13.800000 -12.800000 37.613928 496.000000 124.000000 1.000000 2.000000 3.000000 1.000000 2.000000 3.000000 1.000000 2.000000 3.000000
1.000000 1.000000 0.000000 -13.700000 -12.700000 28.919886 496.000000 124.000000 1.000000 2.000000 3.000000 1.000000 2.000000 3.000000 1.000000 2.000000 3.000000
1.000000 1.000000 0.000000 -13.600000 -12.600000 21.917355 496.000000 124.000000 1.000000 2.000000 3.000000 1.000000 2.000000 3.000000 1.000000 2.000000 3.000000
1.000000 1.000000 0.000000 -13.500000 -12.500000 16.370329 496.000000 124.000000 1.000000 2.000000 3.000000 1.000000 2.000000 3.000000 1.000000 2.000000 3.000000
1.000000 1.000000 0.000000 -13.400000 -12.400000 12.048802 496.000000 124.000000 1.000000 2.000000 3.000000 1.000000 2.000000 3.000000 1.000000 2.000000 3.000000
1.000000 1.000000 0.000000 -13.300000 -12.300000 8.737599 496.000000 124.000000 1.000000 2.000000 3.000000 1.000000 2.000000 3.000000 1.000000 2.000000 3.000000
1.000000 1.000000 0.000000 -13.200000 -12.200000 6.242393 496.000000 124.000000 1.000000 2.000000 3.000000 1.000000 2.000000 3.000000 1.000000 2.000000 3.000000
1.000000 1.000000 0.000000 -13.100000 -12.100000 4.393130 496.000000 124.000000 1.000000 2.000000 3.000000 1.000000 2.000000 3.000000 1.000000 2.000000 3.000000
1.000000 1.000000 0.000000 -13.000000 -12.000000 3.045215 496.000000 124.000000 1.000000 2.000000 3.000000 1.000000 2.000000 3.000000 1.000000 2.000000 3.000000
1.000000 1.000000 0.000000 -12.900000 -11.900000 2.078945 496.000000 124.000000 1.000000 2.000000 3.000000 1.000000 2.000000 3.000000 1.000000 2.000000 3.000000
1.000000 1.000000 0.000000 -12.800000 -11.800000 1.397696 496.000000 124.000000 1.000000 2.000000 3.000000 1.000000 2.000000 3.000000 1.000000 2.000000 3.000000
1.000000 1.000000 0.000000 -12.700000 -11.700000 0.925323 496.000000 124.000000 1.000000 2.000000 3.000000 1.000000 2.000000 3.000000 1.000000 2.000000 3.000000
1.000000 1.000000 0.000000 -12.600000 -11.600000 0.603190 496.000000 124.000000 1.000000 2.000000 3.000000 1.000000 2.000000 3.000000 1.000000 2.000000 3.000000
1.000000 1.000000 0.000000 -12.500000 -11.500000 0.387138 496.000000 124.000000 1.000000 2.000000 3.000000 1.000000 2.000000 3.000000 1.000000 2.000000 3.000000
1.000000 1.000000 0.000000 -12.400000 -11.400000 0.244625 496.000000 124.000000 1.000000 2.000000 3.000000 1.000000 2.000000 3.000000 1.000000 2.000000 3.000000
1.000000 1.000000 0.000000 -12.300000 -11.300000 0.152172 496.000000 124.000000 1.000000 2.000000 3.000000 1.000000 2.000000 3.000000 1.000000 2.000000 3.000000
1.000000 1.000000 0.000000 -12.200000 -11.200000 0.093185 496.000000 124.000000 1.000000 2.000000 3.000000 1.000000 2.000000 3.000000 1.000000 2.000000 3.000000
1.000000 1.000000 0.000000 -12.100000 -11.100000 0.056171 496.000000 124.000000 1.000000 2.000000 3.000000 1.000000 2.000000 3.000000 1.000000 2.000000 3.000000
1.000000 1.000000 0.000000 -12.000000 -11.000000 0.033328 496.000000 124.000000 1.000000 2.000000 3.000000 1.000000 2.000000 3.000000 1.000000 2.000000 3.000000
1.000000 1.000000 0.000000 -11.900000 -10.900000 0.019464 496.000000 124.000000 1.000000 2.000000 3.000000 1.000000 2.000000 3.000000 1.000000 2.000000 3.000000
1.000000 1.000000 0.000000 -11.800000 -10.800000 0.011188 495.999999 124.000001 1.000000 2.000000 3.000000 1.000000 2.000000 3.000000 1.000000 2.000000 3.000000
1.000000 1.000000 0.000000 -11.700000 -10.700000 0.006329 495.999999 124.000001 1.000000 2.000000 3.000000 1.000000 2.000000 3.000000 1.000000 2.000000 3.000000
1.000000 1.000000 0.000000 -11.600000 -10.600000 0.003524 495.999999 124.000001 1.000000 2.000000 3.000000 1.000000 2.000000 3.000000 1.000000 2.000000 3.000000
1.000000 1.000000 0.000000 -11.500000 -10.500000 0.001931 495.999998 124.000002 1.000000 2.000000 3.000000 1.000000 2.000000 3.000000 1.000000 2.000000 3.000000
1.000000 1.000000 0.000000 -11.400000 -10.400000 0.001041 495.999998 124.000002 1.000000 2.000000 3.000000 1.000000 2.000000 3.000000 1.000000 2.000000 3.000000
1.000000 1.000000 0.000000 -11.300000 -10.300000 0.000552 495.999997 124.000003 1.000000 2.000000 3.000000 1.000000 2.000000 3.000000 1.000000 2.000000 3.000000
1.000000 1.000000 0.000000 -11.200000 -10.200000 0.000288 495.999996 124.000004 1.000000 2.000000 3.000000 1.000000 2.000000 3.000000 1.000000 2.000000 3.000000
1.000000 1.000000 0.000000 -11.100000 -10.100000 0.000148 495.999995 124.000005 1.000000 2.000000 3.000000 1.000000 2.000000 3.000000 1.000000 2.000000 3.000000
1.000000 1.000000 0.000000 -11.000000 -10.000000 0.000075 495.999993 124.000007 1.000000 2.000000 3.000000 1.000000 2.000000 3.000000 1.000000 2.000000 3.000000
1.000000 1.000000 0.000000 -10.900000 -9.900000 0.000037 495.999991 124.000009 1.000000 2.000000 3.000000 1.000000 2.000000 3.000000 1.000000 2.000000 3.000000
1.000000 1.000000 0.000000 -10.800000 -9.800000 0.000018 495.999988 124.000012 1.000000 2.000000 3.000000 1.000000 2.000000 3.000000 1.000000 2.000000 3.000000
1.000000 1.000000 0.000000 -10.700000 -9.700000 0.000009 495.999984 124.000016 1.000000 2.000000 3.000000 1.000000 2.000000 3.000000 1.000000 2.000000 3.000000
1.000000 1.000000 0.000000 -10.600000 -9.600000 0.000004 495.999978 124.000022 1.000000 2.000000 3.000000 1.000000 2.000000 3.000000 1.000000 2.000000 3.000000
1.000000 1.000000 0.000000 -10.500000 -9.500000 0.000002 495.999972 124.000028 1.000000 2.000000 3.000000 1.000000 2.000000 3.000000 1.000000 2.000000 3.000000
1.000000 1.000000 0.000000 -10.400000 -9.400000 0.000001 495.999963 124.000037 1.000000 2.000000 3.000000 1.000000 2.000000 3.000000 1.000000 2.000000 3.000000
1.000000 1.000000 0.000000 -10.300000 -9.300000 0.000000 495.999952 124.000048 1.000000 2.000000 3.000000 1.000000 2.000000 3.000000 1.000000 2.000000 3.000000
1.000000 1.000000 0.000000 -10.200000 -9.200000 0.000000 495.999937 124.000063 1.000000 2.000000 3.000000 1.000000 2.000000 3.000000 1.000000 2.000000 3.000000
1.000000 1.000000 0.000000 -10.100000 -9.100000 0.000000 495.999918 124.000082 1.000000 2.000000 3.000000 1.000000 2.000000 3.000000 1.000000 2.000000 3.000000
1.000000 1.000000 0.000000 -10.000000 -9.000000 0.000000 495.999893 124.000107 1.000000 2.000000 3.000000 1.000000 2.000000 3.000000 1.000000 2.000000 3.000000
1.000000 1.000000 0.000000 -9.900000 -8.900000 0.000000 495.999862 124.000138 1.000000 2.000000 3.000000 1.000000 2.000000 3.000000 1.000000 2.000000 3.000000
1.000000 1.000000 0.000000 -9.800000 -8.800000 0.000000 495.999822 124.000178 1.000000 2.000000 3.000000 1.000000 2.000000 3.000000 1.000000 2.000000 3.000000
1.000000 1.000000 0.000000 -9.700000 -8.700000 0.000000 495.999770 124.000230 1.000000 2.000000 3.000000 1.000000 2.000000 3.000000 1.000000 2.000000 3.000000
1.000000 1.000000 0.000000 -9.600000 -8.600000 0.000000 495.999705 124.000295 1.000000 2.000000 3.000000 1.000000 2.000000 3.000000 1.000000 2.000000 3.000000
1.000000 1.000000 0.000000 -9.500000 -8.500000 0.000000 495.999622 124.000378 1.000000 2.000000 3.000000 1.000000 2.000000 3.000000 1.000000 2.000000 3.000000
1.000000 1.000000 0.000000 -9.400000 -8.400000 0.000000 495.999516 124.000484 1.000000 2.000000 3.000000 1.000000 2.000000 3.000000 1.000000 2.000000 3.000000
1.000000 1.000000 0.000000 -9.300000 -8.300000 0.000000 495.999383 124.000617 1.000000 2.000000 3.000000 1.000000 2.000000 3.000000 1.000000 2.000000 3.000000
1.000000 1.000000 0.000000 -9.200000 -8.200000 0.000000 495.999214 124.000786 1.000000 2.000000 3.000000 1.000000 2.000000 3.000000 1.000000 2.000000 3.000000
1.000000 1.000000 0.000000 -9.100000 -8.100000 0.000000 495.999002 124.000998 1.000000 2.000000 3.000000 1.000000 2.000000 3.000000 1.000000 2.000000 3.000000
1.000000 1.000000 0.000000 -9.000000 -8.000000 0.000000 495.998736 124.001264 1.000000 2.000000 3.000000 1.000000 2.000000 3.000000 1.000000 2.000000 3.000000
1.000000 1.000000 0.000000 -8.900000 -7.900000 0.000000 495.998403 124.001597 1.000000 2.000000 3.000000 1.000000 2.000000 3.000000 1.000000 2.000000 3.000000
1.000000 1.000000 0.000000 -8.800000 -7.800000 0.000000 495.997987 124.002013 1.000000 2.000000 3.000000 1.000000 2.000000 3.000000 1.000000 2.000000 3.000000
1.000000 1.000000 0.000000 -8.700000 -7.700000 0.000000 495.997468 124.002532 1.000000 2.000000 3.000000 1.000000 2.000000 3.000000 1.000000 2.000000 3.000000
1.000000 1.000000 0.000000 -8.600000 -7.600000 0.000000 495.996823 124.003177 1.000000 2.000000 3.000000 1.000000 2.000000 3.000000 1.000000 2.000000 3.000000
1.000000 1.000000 0.000000 -8.500000 -7.500000 0.000000 495.996024 124.003976 1.000000 2.000000 3.000000 1.000000 2.000000 3.000000 1.000000 2.000000 3.000000
1.000000 1.000000 0.000000 -8.400000 -7.400000 0.000000 495.995035 124.004965 1.000000 2.000000 3.000000 1.000000 2.000000 3.000000 1.000000 2.000000 3.000000
1.000000 1.000000 0.000000 -8.300000 -7.300000 0.000000 495.993816 124.006184 1.000000 2.000000 3.000000 1.000000 2.000000 3.000000 1.000000 2.000000 3.000000
1.000000 1.000000 0.000000 -8.200000 -7.200000 0.000000 495.992315 124.007685 1.000000 2.000000 3.000000 1.000000 2.000000 3.000000 1.000000 2.000000 3.000000
1.000000 1.000000 0.000000 -8.100000 -7.100000 0.000000 495.990474 124.009526 1.000000 2.000000 3.000000 1.000000 2.000000 3.000000 1.000000 2.000000 3.000000
1.000000 1.000000 0.000000 -8.000000 -7.000000 0.000000 495.988218 124.011782 1.000000 2.000000 3.000000 1.000000 2.000000 3.000000 1.000000 2.000000 3.000000
1.000000 1.000000 0.000000 -7.900000 -6.900000 0.000000 495.985464 124.014536 1.000000 2.000000 3.000000 1.000000 2.000000 3.000000 1.000000 2.000000 3.000000
1.000000 1.000000 0.000000 -7.800000 -6.800000 0.000000 495.982108 124.017892 1.000000 2.000000 3.000000 1.000000 2.000000 3.000000 1.000000 2.000000 3.000000
1.000000 1.000000 0.000000 -7.700000 -6.700000 0.000000 495.978030 124.021970 1.000000 2.000000 3.000000 1.000000 2.000000 3.000000 1.000000 2.000000 3.000000
1.000000 1.000000 0.000000 -7.600000 -6.600000 0.000000 495.973087 124.026913 1.000000 2.000000 3.000000 1.000000 2.000000 3.000000 1.000000 2.000000 3.000000
1.000000 1.000000 0.000000 -7.500000 -6.500000 0.000000 495.967109 124.032891 1.000000 2.000000 3.000000 1.000000 2.000000 3.000000 1.000000 2.000000 3.000000
1.000000 1.000000 0.000000 -7.400000 -6.400000 0.000000 495.959898 124.040102 1.000000 2.000000 3.000000 1.000000 2.000000 3.000000 1.000000 2.000000 3.000000
1.000000 1.000000 0.000000 -7.300000 -6.300000 0.000000 495.951223 124.048777 1.000000 2.000000 3.000000 1.000000 2.000000 3.000000 1.000000 2.000000 3.000000
1.000000 1.000000 0.000000 -7.200000 -6.200000 0.000000 495.940812 124.059188 1.000000 2.000000 3.000000 1.000000 2.000000 3.000000 1.000000 2.000000 3.000000
1.000000 1.000000 0.000000 -7.100000 -6.100000 0.000000 495.928347 124.071653 1.000000 2.000000 3.000000 1.000000 2.000000 3.000000 1.000000 2.000000 3.000000
1.000000 1.000000 0.000000 -7.000000 -6.000000 0.000000 495.913462 124.086538 1.000000 2.000000 3.000000 1.000000 2.000000 3.000000 1.000000 2.000000 3.000000
1.000000 1.000000 0.000000 -6.900000 -5.900000 0.000000 495.895731 124.104269 1.000000 2.000000 3.000000 1.000000 2.000000 3.000000 1.000000 2.000000 3.000000
1.000000 1.000000 0.000000 -6.800000 -5.800000 0.000000 495.874662 124.125338 1.000000 2.000000 3.000000 1.000000 2.000000 3.000000 1.000000 2.000000 3.000000
1.000000 1.000000 0.000000 -6.700000 -5.700000 0.000000 495.849690 124.150310 1.000000 2.000000 3.000000 1.000000 2.000000 3.000000 1.000000 2.000000 3.000000
1.000000 1.000000 0.000000 -6.600000 -5.600000 0.000000 495.820166 124.179834 1.000000 2.000000 3.000000 1.000000 2.000000 3.000000 1.000000 2.000000 3.000000
1.000000 1.000000 0.000000 -6.500000 -5.500000 0.000000 495.785347 124.214653 1.000000 2.000000 3.000000 1.000000 2.000000 3.000000 1.000000 2.000000 3.000000
1.000000 1.000000 0.000000 -6.400000 -5.400000 0.000000 495.744385 124.255615 1.000000 2.000000 3.000000 1.000000 2.000000 3.000000 1.000000 2.000000 3.000000
1.000000 1.000000 0.000000 -6.300000 -5.300000 0.000000 495.696317 124.303683 1.000000 2.000000 3.000000 1.000000 2.000000 3.000000 1.000000 2.000000 3.000000
1.000000 1.000000 0.000000 -6.200000 -5.200000 0.000000 495.640052 124.359948 1.000000 2.000000 3.000000 1.000000 2.000000 3.000000 1.000000 2.000000 3.000000
1.000000 1.000000 0.000000 -6.100000 -5.100000 0.000000 495.574355 124.425645 1.000000 2.000000 3.000000 1.000000 2.000000 3.000000 1.000000 2.000000 3.000000
1.000000 1.000000 0.000000 -6.000000 -5.000000 0.000000 495.497838 124.502162 1.000000 2.000000 3.000000 1.000000 2.000000 3.000000 1.000000 2.000000 3.000000
1.000000 1.000000 0.000000 -5.900000 -4.900000 0.000000 495.408940 124.591060 1.000000 2.000000 3.000000 1.000000 2.000000 3.000000 1.000000 2.000000 3.000000
1.000000 1.000000 0.000000 -5.800000 -4.800000 0.000000 495.305917 124.694083 1.000000 2.000000 3.000000 1.000000 2.000000 3.000000 1.000000 2.000000 3.000000
1.000000 1.000000 0.000000 -5.700000 -4.700000 0.000000 495.186822 124.813178 1.000000 2.000000 3.000000 1.000000 2.000000 3.000000 1.000000 2.000000 3.000000
1.000000 1.000000 0.000000 -5.600000 -4.600000 0.000000 495.049492 124.950508 1.000000 2.000000 3.000000 1.000000 2.000000 3.000000 1.000000 2.000000 3.000000
1.000000 1.000000 0.000000 -5.500000 -4.500000 0.000000 494.891528 125.108472 1.000000 2.000000 3.000000 1.000000 2.000000 3.000000 1.000000 2.000000 3.000000
1.000000 1.000000 0.000000 -5.400000 -4.400000 0.000000 494.710286 125.289714 1.000000 2.000000 3.000000 1.000000 2.000000 3.000000 1.000000 2.000000 3.000000
1.000000 1.000000 0.000000 -5.300000 -4.300000 0.000000 494.502853 125.497147 1.000000 2.000000 3.000000 1.000000 2.000000 3.000000 1.000000 2.000000 3.000000
1.000000 1.000000 0.000000 -5.200000 -4.200000 0.000000 494.266038 125.733962 1.000000 2.000000 3.000000 1.000000 2.000000 3.000000 1.000000 2.000000 3.000000
1.000000 1.000000 0.000000 -5.100000 -4.100000 0.000000 493.996354 126.003646 1.000000 2.000000 3.000000 1.000000 2.000000 3.000000 1.000000 2.000000 3.000000
1.000000 1.000000 0.000000 -5.000000 -4.000000 0.000000 493.690004 126.309996 1.000000 2.000000 3.000000 1.000000 2.000000 3.000000 1.000000 2.000000 3.000000
1.000000 1.000000 0.000000 -4.900000 -3.900000 0.000000 493.342874 126.657126 1.000000 2.000000 3.000000 1.000000 2.000000 3.000000 1.000000 2.000000 3.000000
1.000000 1.000000 0.000000 -4.800000 -3.800000 0.000000 492.950517 127.049483 1.000000 2.000000 3.000000 1.000000 2.000000 3.000000 1.000000 2.000000 3.000000
1.000000 1.000000 0.000000 -4.700000 -3.700000 0.000000 492.508146 127.491854 1.000000 2.000000 3.000000 1.000000 2.000000 3.000000 1.000000 2.000000 3.000000
1.000000 1.000000 0.000000 -4.600000 -3.600000 0.000000 492.010631 127.989369 1.000000 2.000000 3.000000 1.000000 2.000000 3.000000 1.000000 2.000000 3.000000
1.000000 1.000000 0.000000 -4.500000 -3.500000 0.000000 491.452496 128.547504 1.000000 2.000000 3.000000 1.000000 2.000000 3.000000 1.000000 2.000000 3.000000
1.000000 1.000000 0.000000 -4.400000 -3.400000 0.000000 490.827918 129.172082 1.000000 2.000000 3.000000 1.000000 2.000000 3.000000 1.000000 2.000000 3.000000
1.000000 1.000000 0.000000 -4.300000 -3.300000 0.000000 490.130730 129.869270 1.000000 2.000000 3.000000 1.000000 2.000000 3.000000 1.000000 2.000000 3.000000
1.000000 1.000000 0.000000 -4.200000 -3.200000 0.000000 489.354436 130.645564 1.000000 2.000000 3.000000 1.000000 2.000000 3.000000 1.000000 2.000000 3.000000
1.000000 1.000000 0.000000 -4.100000 -3.100000 0.000000 488.492216 131.507784 1.000000 2.000000 3.000000 1.000000 2.000000 3.000000 1.000000 2.000000 3.000000
1.000000 1.000000 0.000000 -4.000000 -3.000000 0.000000 487.536951 132.463049 1.000000 2.000000 3.000000 1.000000 2.000000 3.000000 1.000000 2.000000 3.000000
1.000000 1.000000 0.000000 -3.900000 -2.900000 0.000000 486.481242 133.518758 1.000000 2.000000 3.000000 1.000000 2.000000 3.000000 1.000000 2.000000 3.000000
1.000000 1.000000 0.000000 -3.800000 -2.800000 0.000000 485.317440 134.682560 1.000000 2.000000 3.000000 1.000000 2.000000 3.000000 1.000000 2.000000 3.000000
1.000000 1.000000 0.000000 -3.700000 -2.700000 0.000000 484.037680 135.962320 1.000000 2.000000 3.000000 1.000000 2.000000 3.000000 1.000000 2.000000 3.000000
1.000000 1.000000 0.000000 -3.600000 -2.600000 0.000000 482.633921 137.366079 1.000000 2.000000 3.000000 1.000000 2.000000 3.000000 1.000000 2.000000 3.000000
1.000000 1.000000 0.000000 -3.500000 -2.500000 0.000000 481.097994 138.902006 1.000000 2.000000 3.000000 1.000000 2.000000 3.000000 1.000000 2.000000 3.000000
1.000000 1.000000 0.000000 -3.400000 -2.400000 0.000000 479.421648 140.578352 1.000000 2.000000 3.000000 1.000000 2.000000 3.000000 1.000000 2.000000 3.000000
1.000000 1.000000 0.000000 -3.300000 -2.300000 0.000000 477.596614 142.403386 1.000000 2.000000 3.000000 1.000000 2.000000 3.000000 1.000000 2.000000 3.000000
1.000000 1.000000 0.000000 -3.200000 -2.200000 0.000000 475.614663 144.385337 1.000000 2.000000 3.000000 1.000000 2.000000 3.000000 1.000000 2.000000 3.000000
1.000000 1.000000 0.000000 -3.100000 -2.100000 0.000000 473.467678 146.532322 1.000000 2.000000 3.000000 1.000000 2.000000 3.000000 1.000000 2.000000 3.000000
1.000000 1.000000 0.000000 -3.000000 -2.000000 0.000000 471.147721 148.852279 1.000000 2.000000 3.000000 1.000000 2.000000 3.000000 1.000000 2.000000 3.000000
1.000000 1.000000 0.000000 -2.900000 -1.900000 0.000000 468.647115 151.352885 1.000000 2.000000 3.000000 1.000000 2.000000 3.000000 1.000000 2.000000 3.000000
1.000000 1.000000 0.000000 -2.800000 -1.800000 0.000000 465.958523 154.041477 1.000000 2.000000 3.000000 1.000000 2.000000 3.000000 1.000000 2.000000 3.000000
1.000000 1.000000 0.000000 -2.700000 -1.700000 0.000000 463.075027 156.924973 1.000000 2.000000 3.000000 1.000000 2.000000 3.000000 1.000000 2.000000 3.000000
1.000000 1.000000 0.000000 -2.600000 -1.600000 0.000000 459.990220 160.009780 1.000000 2.000000 3.000000 1.000000 2.000000 3.000000 1.000000 2.000000 3.000000
1.000000 1.000000 0.000000 -2.500000 -1.500000 0.000000 456.698284 163.301716 1.000000 2.000000 3.000000 1.000000 2.000000 3.000000 1.000000 2.000000 3.000000
1.000000 1.000000 0.000000 -2.400000 -1.400000 0.000000 453.194083 166.805917 1.000000 2.000000 3.000000 1.000000 2.000000 3.000000 1.000000 2.000000 3.000000
1.000000 1.000000 0.000000 -2.300000 -1.300000 0.000000 449.473240 170.526760 1.000000 2.000000 3.000000 1.000000 2.000000 3.000000 1.000000 2.000000 3.000000
1.000000 1.000000 0.000000 -2.200000 -1.200000 0.000000 445.532225 174.467775 1.000000 2.000000 3.000000 1.000000 2.000000 3.000000 1.000000 2.000000 3.000000
1.000000 1.000000 0.000000 -2.100000 -1.100000 0.000000 441.368431 178.631569 1.000000 2.000000 3.000000 1.000000 2.000000 3.000000 1.000000 2.000000 3.000000
1.000000 1.000000 0.000000 -2.000000 -1.000000 0.000000 436.980246 183.019754 1.000000 2.000000 3.000000 1.000000 2.000000 3.000000 1.000000 2.000000 3.000000
1.000000 1.000000 0.000000 -1.900000 -0.900000 0.000000 432.367121 187.632879 1.000000 2.000000 3.000000 1.000000 2.000000 3.000000 1.000000 2.000000 3.000000
1.000000 1.000000 0.000000 -1.800000 -0.800000 0.000000 427.529633 192.470367 1.000000 2.000000 3.000000 1.000000 2.000000 3.000000 1.000000 2.000000 3.000000
1.000000 1.000000 0.000000 -1.700000 -0.700000 0.000000 422.469534 197.530466 1.000000 2.000000 3.000000 1.000000 2.000000 3.000000 1.000000 2.000000 3.000000
1.000000 1.000000 0.000000 -1.600000 -0.600000 0.000000 417.189792 202.810208 1.000000 2.000000 3.000000 1.000000 2.000000 3.000000 1.000000 2.000000 3.000000
1.000000 1.000000 0.000000 -1.500000 -0.500000 0.000000 411.694625 208.305375 1.000000 2.000000 3.000000 1.000000 2.000000 3.000000 1.000000 2.000000 3.000000
1.000000 1.000000 0.000000 -1.400000 -0.400000 0.000000 405.989521 214.010479 1.000000 2.000000 3.000000 1.000000 2.000000 3.000000 1.000000 2.000000 3.000000
1.000000 1.000000 0.000000 -1.300000 -0.300000 0.000000 400.081247 219.918753 1.000000 2.000000 3.000000 1.000000 2.000000 3.000000 1.000000 2.000000 3.000000
1.000000 1.000000 0.000000 -1.200000 -0.200000 0.000000 393.977840 226.022160 1.000000 2.000000 3.000000 1.000000 2.000000 3.000000 1.000000 2.000000 3.000000
1.000000 1.000000 0.000000 -1.100000 -0.100000 0.000000 387.688597 232.311403 1.000000 2.000000 3.000000 1.000000 2.000000 3.000000 1.000000 2.000000 3.000000
1.000000 1.000000 0.000000 -1.000000 0.000000 0.000000 381.224036 238.775964 1.000000 2.000000 3.000000 1.000000 2.000000 3.000000 1.000000 2.000000 3.000000
1.000000 1.000000 0.000000 -0.900000 0.100000 0.000000 374.595858 245.404142 1.000000 2.000000 3.000000 1.000000 2.000000 3.000000 1.000000 2.000000 3.000000
1.000000 1.000000 0.000000 -0.800000 0.200000 0.000000 367.816888 252.183112 1.000000 2.000000 3.000000 1.000000 2.000000 3.000000 1.000000 2.000000 3.000000
1.000000 1.000000 0.000000 -0.700000 0.300000 0.000000 360.901002 259.098998 1.000000 2.000000 3.000000 1.000000 2.000000 3.000000 1.000000 2.000000 3.000000
1.000000 1.000000 0.000000 -0.600000 0.400000 0.000000 353.863049 266.136951 1.000000 2.000000 3.000000 1.000000 2.000000 3.000000 1.000000 2.000000 3.000000
1.000000 1.000000 0.000000 -0.500000 0.500000 0.000000 346.718753 273.281247 1.000000 2.000000 3.000000 1.000000 2.000000 3.000000 1.000000 2.000000 3.000000
1.000000 1.000000 0.000000 -0.400000 0.600000 0.000000 339.484612 280.515388 1.000000 2.000000 3.000000 1.000000 2.000000 3.000000 1.000000 2.000000 3.000000
1.000000 1.000000 0.000000 -0.300000 0.700000 0.000000 332.177782 287.822218 1.000000 2.000000 3.000000 1.000000 2.000000 3.000000 1.000000 2.000000 3.000000
1.000000 1.000000 0.000000 -0.200000 0.800000 0.000000 324.815955 295.184045 1.000000 2.000000 3.000000 1.000000 2.000000 3.000000 1.000000 2.000000 3.000000
1.000000 1.000000 0.000000 -0.100000 0.900000 0.000000 317.417236 302.582764 1.000000 2.000000 3.000000 1.000000 2.000000 3.000000 1.000000 2.000000 3.000000
1.000000 1.000000 0.000000 0.000000 1.000000 0.000000 310.000000 310.000000 1.000000 2.000000 3.000000 1.000000 2.000000 3.000000 1.000000 2.000000 3.000000
1.000000 1.000000 0.000000 0.100000 1.100000 0.000000 302.582764 317.417236 1.000000 2.000000 3.000000 1.000000 2.000000 3.000000 1.000000 2.000000 3.000000
1.000000 1.000000 0.000000 0.200000 1.200000 0.000000 295.184045 324.815955 1.000000 2.000000 3.000000 1.000000 2.000000 3.000000 1.000000 2.000000 3.000000
1.000000 1.000000 0.000000 0.300000 1.300000 0.000000 287.822218 332.177782 1.000000 2.000000 3.000000 1.000000 2.000000 3.000000 1.000000 2.000000 3.000000
1.000000 1.000000 0.000000 0.400000 1.400000 0.000000 280.515388 339.484612 1.000000 2.000000 3.000000 1.000000 2.000000 3.000000 1.000000 2.000000 3.000000
1.000000 1.000000 0.000000 0.500000 1.500000 0.000000 273.281247 346.718753 1.000000 2.000000 3.000000 1.000000 2.000000 3.000000 1.000000 2.000000 3.000000
1.000000 1.000000 0.000000 0.600000 1.600000 0.000000 266.136951 353.863049 1.000000 2.000000 3.000000 1.000000 2.000000 3.000000 1.000000 2.000000 3.000000
1.000000 1.000000 0.000000 0.700000 1.700000 0.000000 259.098998 360.901002 1.000000 2.000000 3.000000 1.000000 2.000000 3.000000 1.000000 2.000000 3.000000
1.000000 1.000000 0.000000 0.800000 1.800000 0.000000 252.183112 367.816888 1.000000 2.000000 3.000000 1.000000 2.000000 3.000000 1.000000 2.000000 3.000000
1.000000 1.000000 0.000000 0.900000 1.900000 0.000000 245.404142 374.595858 1.000000 2.000000 3.000000 1.000000 2.000000 3.000000 1.000000 2.000000 3.000000
1.000000 1.000000 0.000000 1.000000 2.000000 0.000000 238.775964 381.224036 1.000000 2.000000 3.000000 1.000000 2.000000 3.000000 1.000000 2.000000 3.000000
1.000000 1.000000 0.000000 1.100000 2.100000 0.000000 232.311403 387.688597 1.000000 2.000000 3.000000 1.000000 2.000000 3.000000 1.000000 2.000000 3.000000
1.000000 1.000000 0.000000 1.200000 2.200000 0.000000 226.022160 393.977840 1.000000 2.000000 3.000000 1.000000 2.000000 3.000000 1.000000 2.000000 3.000000
1.000000 1.000000 0.000000 1.300000 2.300000 0.000000 219.918753 400.081247 1.000000 2.000000 3.000000 1.000000 2.000000 3.000000 1.000000 2.000000 3.000000
1.000000 1.000000 0.000000 1.400000 2.400000 0.000000 214.010479 405.989521 1.000000 2.000000 3.000000 1.000000 2.000000 3.000000 1.000000 2.000000 3.000000
1.000000 1.000000 0.000000 1.500000 2.500000 0.000000 208.305375 411.694625 1.000000 2.000000 3.000000 1.000000 2.000000 3.000000 1.000000 2.000000 3.000000
1.000000 1.000000 0.000000 1.600000 2.600000 0.000000 202.810208 417.189792 1.000000 2.000000 3.000000 1.000000 2.000000 3.000000 1.000000 2.000000 3.000000
1.000000 1.000000 0.000000 1.700000 2.700000 0.000000 197.530466 422.469534 1.000000 2.000000 3.000000 1.000000 2.000000 3.000000 1.000000 2.000000 3.000000
1.000000 1.000000 0.000000 1.800000 2.800000 0.000000 192.470367 427.529633 1.000000 2.000000 3.000000 1.000000 2.000000 3.000000 1.000000 2.000000 3.000000
1.000000 1.000000 0.000000 1.900000 2.900000 0.000000 187.632879 432.367121 1.000000 2.000000 3.000000 1.000000 2.000000 3.000000 1.000000 2.000000 3.000000
1.000000 1.000000 0.000000 2.000000 3.000000 0.000000 183.019754 436.980246 1.000000 2.000000 3.000000 1.000000 2.000000 3.000000 1.000000 2.000000 3.000000
1.000000 1.000000 0.000000 2.100000 3.100000 0.000000 178.631569 441.368431 1.000000 2.000000 3.000000 1.000000 2.000000 3.000000 1.000000 2.000000 3.000000
1.000000 1.000000 0.000000 2.200000 3.200000 0.000000 174.467775 445.532225 1.000000 2.000000 3.000000 1.000000 2.000000 3.000000 1.000000 2.000000 3.000000
1.000000 1.000000 0.000000 2.300000 3.300000 0.000000 170.526760 449.473240 1.000000 2.000000 3.000000 1.000000 2.000000 3.000000 1.000000 2.000000 3.000000
1.000000 1.000000 0.000000 2.400000 3.400000 0.000000 166.805917 453.194083 1.000000 2.000000 3.000000 1.000000 2.000000 3.000000 1.000000 2.000000 3.000000
1.000000 1.000000 0.000000 2.500000 3.500000 0.000000 163.301716 456.698284 1.000000 2.000000 3.000000 1.000000 2.000000 3.000000 1.000000 2.000000 3.000000
1.000000 1.000000 0.000000 2.600000 3.600000 0.000000 160.009780 459.990220 1.000000 2.000000 3.000000 1.000000 2.000000 3.000000 1.000000 2.000000 3.000000
1.000000 1.000000 0.000000 2.700000 3.700000 0.000000 156.924973 463.075027 1.000000 2.000000 3.000000 1.000000 2.000000 3.000000 1.000000 2.000000 3.000000
1.000000 1.000000 0.000000 2.800000 3.800000 0.000000 154.041477 465.958523 1.000000 2.000000 3.000000 1.000000 2.000000 3.000000 1.000000 2.000000 3.000000
1.000000 1.000000 0.000000 2.900000 3.900000 0.000000 151.352885 468.647115 1.000000 2.000000 3.000000 1.000000 2.000000 3.000000 1.000000 2.000000 3.000000
1.000000 1.000000 0.000000 3.000000 4.000000 0.000000 148.852279 471.147721 1.000000 2.000000 3.000000 1.000000 2.000000 3.000000 1.000000 2.000000 3.000000
1.000000 1.000000 0.000000 3.100000 4.100000 0.000000 146.532322 473.467678 1.000000 2.000000 3.000000 1.000000 2.000000 3.000000 1.000000 2.000000 3.000000
1.000000 1.000000 0.000000 3.200000 4.200000 0.000000 144.385337 475.614663 1.000000 2.000000 3.000000 1.000000 2.000000 3.000000 1.000000 2.000000 3.000000
1.000000 1.000000 0.000000 3.300000 4.300000 0.000000 142.403386 477.596614 1.000000 2.000000 3.000000 1.000000 2.000000 3.000000 1.000000 2.000000 3.000000
1.000000 1.000000 0.000000 3.400000 4.400000 0.000000 140.578352 479.421648 1.000000 2.000000 3.000000 1.000000 2.000000 3.000000 1.000000 2.000000 3.000000
1.000000 1.000000 0.000000 3.500000 4.500000 0.000000 138.902006 481.097994 1.000000 2.000000 3.000000 1.000000 2.000000 3.000000 1.000000 2.000000 3.000000
1.000000 1.000000 0.000000 3.600000 4.600000 0.000000 137.366079 482.633921 1.000000 2.000000 3.000000 1.000000 2.000000 3.000000 1.000000 2.000000 3.000000
1.000000 1.000000 0.000000 3.700000 4.700000 0.000000 135.962320 484.037680 1.000000 2.000000 3.000000 1.000000 2.000000 3.000000 1.000000 2.000000 3.000000
1.000000 1.000000 0.000000 3.800000 4.800000 0.000000 134.682560 485.317440 1.000000 2.000000 3.000000 1.000000 2.000000 3.000000 1.000000 2.000000 3.000000
1.000000 1.000000 0.000000 3.900000 4.900000 0.000000 133.518758 486.481242 1.000000 2.000000 3.000000 1.000000 2.000000 3.000000 1.000000 2.000000 3.000000
1.000000 1.000000 0.000000 4.000000 5.000000 0.000000 132.463049 487.536951 1.000000 2.000000 3.000000 1.000000 2.000000 3.000000 1.000000 2.000000 3.000000
1.000000 1.000000 0.000000 4.100000 5.100000 0.000000 131.507784 488.492216 1.000000 2.000000 3.000000 1.000000 2.000000 3.000000 1.000000 2.000000 3.000000
1.000000 1.000000 0.000000 4.200000 5.200000 0.000000 130.645564 489.354436 1.000000 2.000000 3.000000 1.000000 2.000000 3.000000 1.000000 2.000000 3.000000
1.000000 1.000000 0.000000 4.300000 5.300000 0.000000 129.869270 490.130730 1.000000 2.000000 3.000000 1.000000 2.000000 3.000000 1.000000 2.000000 3.000000
1.000000 1.000000 0.000000 4.400000 5.400000 0.000000 129.172082 490.827918 1.000000 2.000000 3.000000 1.000000 2.000000 3.000000 1.000000 2.000000 3.000000
1.000000 1.000000 0.000000 4.500000 5.500000 0.000000 128.547504 491.452496 1.000000 2.000000 3.000000 1.000000 2.000000 3.000000 1.000000 2.000000 3.000000
1.000000 1.000000 0.000000 4.600000 5.600000 0.000000 127.989369 492.010631 1.000000 2.000000 3.000000 1.000000 2.000000 3.000000 1.000000 2.000000 3.000000
1.000000 1.000000 0.000000 4.700000 5.700000 0.000000 127.491854 492.508146 1.000000 2.000000 3.000000 1.000000 2.000000 3.000000 1.000000 2.000000 3.000000
1.000000 1.000000 0.000000 4.800000 5.800000 0.000000 127.049483 492.950517 1.000000 2.000000 3.000000 1.000000 2.000000 3.000000 1.000000 2.000000 3.000000
1.000000 1.000000 0.000000 4.900000 5.900000 0.000000 126.657126 493.342874 1.000000 2.000000 3.000000 1.000000 2.000000 3.000000 1.000000 2.000000 3.000000
1.000000 1.000000 0.000000 5.000000 6.000000 0.000000 126.309996 493.690004 1.000000 2.000000 3.000000 1.000000 2.000000 3.000000 1.000000 2.000000 3.000000
1.000000 1.000000 0.000000 5.100000 6.100000 0.000000 126.003646 493.996354 1.000000 2.000000 3.000000 1.000000 2.000000 3.000000 1.000000 2.000000 3.000000
1.000000 1.000000 0.000000 5.200000 6.200000 0.000000 125.733962 494.266038 1.000000 2.000000 3.000000 1.000000 2.000000 3.000000 1.000000 2.000000 3.000000
1.000000 1.000000 0.000000 5.300000 6.300000 0.000000 125.497147 494.502853 1.000000 2.000000 3.000000 1.000000 2.000000 3.000000 1.000000 2.000000 3.000000
1.000000 1.000000 0.000000 5.400000 6.400000 0.000000 125.289714 494.710286 1.000000 2.000000 3.000000 1.000000 2.000000 3.000000 1.000000 2.000000 3.000000
1.000000 1.000000 0.000000 5.500000 6.500000 0.000000 125.108472 494.891528 1.000000 2.000000 3.000000 1.000000 2.000000 3.000000 1.000000 2.000000 3.000000
1.000000 1.000000 0.000000 5.600000 6.600000 0.000000 124.950508 495.049492 1.000000 2.000000 3.000000 1.000000 2.000000 3.000000 1.000000 2.000000 3.000000
1.000000 1.000000 0.000000 5.700000 6.700000 0.000000 124.813178 495.186822 1.000000 2.000000 3.000000 1.000000 2.000000 3.000000 1.000000 2.000000 3.000000
1.000000 1.000000 0.000000 5.800000 6.800000 0.000000 124.694083 495.305917 1.000000 2.000000 3.000000 1.000000 2.000000 3.000000 1.000000 2.000000 3.000000
1.000000 1.000000 0.000000 5.900000 6.900000 0.000000 124.591060 495.408940 1.000000 2.000000 3.000000 1.000000 2.000000 3.000000 1.000000 2.000000 3.000000
1.000000 1.000000 0.000000 6.000000 7.000000 0.000000 124.502162 495.497838 1.000000 2.000000 3.000000 1.000000 2.000000 3.000000 1.000000 2.000000 3.000000
1.000000 1.000000 0.000000 6.100000 7.100000 0.000000 124.425645 495.574355 1.000000 2.000000 3.000000 1.000000 2.000000 3.000000 1.000000 2.000000 3.000000
1.000000 1.000000 0.000000 6.200000 7.200000 0.000000 124.359948 495.640052 1.000000 2.000000 3.000000 1.000000 2.000000 3.000000 1.000000 2.000000 3.000000
1.000000 1.000000 0.000000 6.300000 7.300000 0.000000 124.303683 495.696317 1.000000 2.000000 3.000000 1.000000 2.000000 3.000000 1.000000 2.000000 3.000000
1.000000 1.000000 0.000000 6.400000 7.400000 0.000000 124.255615 495.744385 1.000000 2.000000 3.000000 1.000000 2.000000 3.000000 1.000000 2.000000 3.000000
1.000000 1.000000 0.000000 6.500000 7.500000 0.000000 124.214653 495.785347 1.000000 2.000000 3.000000 1.000000 2.000000 3.000000 1.000000 2.000000 3.000000
1.000000 1.000000 0.000000 6.600000 7.600000 0.000000 124.179834 495.820166 1.000000 2.000000 3.000000 1.000000 2.000000 3.000000 1.000000 2.000000 3.000000
1.000000 1.000000 0.000000 6.700000 7.700000 0.000000 124.150310 495.849690 1.000000 2.000000 3.000000 1.000000 2.000000 3.000000 1.000000 2.000000 3.000000
1.000000 1.000000 0.000000 6.800000 7.800000 0.000000 124.125338 495.874662 1.000000 2.000000 3.000000 1.000000 2.000000 3.000000 1.000000 2.000000 3.000000
1.000000 1.000000 0.000000 6.900000 7.900000 0.000000 124.104269 495.895731 1.000000 2.000000 3.000000 1.000000 2.000000 3.000000 1.000000 2.000000 3.000000
1.000000 1.000000 0.000000 7.000000 8.000000 0.000000 124.086538 495.913462 1.000000 2.000000 3.000000 1.000000 2.000000 3.000000 1.000000 2.000000 3.000000
1.000000 1.000000 0.000000 7.100000 8.100000 0.000000 124.071653 495.928347 1.000000 2.000000 3.000000 1.000000 2.000000 3.000000 1.000000 2.000000 3.000000
1.000000 1.000000 0.000000 7.200000 8.200000 0.000000 124.059188 495.940812 1.000000 2.000000 3.000000 1.000000 2.000000 3.000000 1.000000 2.000000 3.000000
1.000000 1.000000 0.000000 7.300000 8.300000 0.000000 124.048777 495.951223 1.000000 2.000000 3.000000 1.000000 2.000000 3.000000 1.000000 2.000000 3.000000
1.000000 1.000000 0.000000 7.400000 8.400000 0.000000 124.040102 495.959898 1.000000 2.000000 3.000000 1.000000 2.000000 3.000000 1.000000 2.000000 3.000000
1.000000 1.000000 0.000000 7.500000 8.500000 0.000000 124.032891 495.967109 1.000000 2.000000 3.000000 1.000000 2.000000 3.000000 1.000000 2.000000 3.000000
1.000000 1.000000 0.000000 7.600000 8.600000 0.000000 124.026913 495.973087 1.000000 2.000000 3.000000 1.000000 2.000000 3.000000 1.000000 2.000000 3.000000
1.000000 1.000000 0.000000 7.700000 8.700000 0.000000 124.021970 495.978030 1.000000 2.000000 3.000000 1.000000 2.000000 3.000000 1.000000 2.000000 3.000000
1.000000 1.000000 0.000000 7.800000 8.800000 0.000000 124.017892 495.982108 1.000000 2.000000 3.000000 1.000000 2.000000 3.000000 1.000000 2.000000 3.000000
1.000000 1.000000 0.000000 7.900000 8.900000 0.000000 124.014536 495.985464 1.000000 2.000000 3.000000 1.000000 2.000000 3.000000 1.000000 2.000000 3.000000
1.000000 1.000000 0.000000 8.000000 9.000000 0.000000 124.011782 495.988218 1.000000 2.000000 3.000000 1.000000 2.000000 3.000000 1.000000 2.000000 3.000000
1.000000 1.000000 0.000000 8.100000 9.100000 0.000000 124.009526 495.990474 1.000000 2.000000 3.000000 1.000000 2.000000 3.000000 1.000000 2.000000 3.000000
1.000000 1.000000 0.000000 8.200000 9.200000 0.000000 124.007685 495.992315 1.000000 2.000000 3.000000 1.000000 2.000000 3.000000 1.000000 2.000000 3.000000
1.000000 1.000000 0.000000 8.300000 9.300000 0.000000 124.006184 495.993816 1.000000 2.000000 3.000000 1.000000 2.000000 3.000000 1.000000 2.000000 3.000000
1.000000 1.000000 0.000000 8.400000 9.400000 0.000000 124.004965 495.995035 1.000000 2.000000 3.000000 1.000000 2.000000 3.000000 1.000000 2.000000 3.000000
1.000000 1.000000 0.000000 8.500000 9.500000 0.000000 124.003976 495.996024 1.000000 2.000000 3.000000 1.000000 2.000000 3.000000 1.000000 2.000000 3.000000
1.000000 1.000000 0.000000 8.600000 9.600000 0.000000 124.003177 495.996823 1.000000 2.000000 3.000000 1.000000 2.000000 3.000000 1.000000 2.000000 3.000000
1.000000 1.000000 0.000000 8.700000 9.700000 0.000000 124.002532 495.997468 1.000000 2.000000 3.000000 1.000000 2.000000 3.000000 1.000000 2.000000 3.000000
1.000000 1.000000 0.000000 8.800000 9.800000 0.000000 124.002013 495.997987 1.000000 2.000000 3.000000 1.000000 2.000000 3.000000 1.000000 2.000000 3.000000
1.000000 1.000000 0.000000 8.900000 9.900000 0.000000 124.001597 495.998403 1.000000 2.000000 3.000000 1.000000 2.000000 3.000000 1.000000 2.000000 3.000000
1.000000 1.000000 0.000000 9.000000 10.000000 0.000000 124.001264 495.998736 1.000000 2.000000 3.000000 1.000000 2.000000 3.000000 1.000000 2.000000 3.000000
1.000000 1.000000 0.000000 9.100000 10.100000 0.000000 124.000998 495.999002 1.000000 2.000000 3.000000 1.000000 2.000000 3.000000 1.000000 2.000000 3.000000
1.000000 1.000000 0.000000 9.200000 10.200000 0.000000 124.000786 495.999214 1.000000 2.000000 3.000000 1.000000 2.000000 3.000000 1.000000 2.000000 3.000000
1.000000 1.000000 0.000000 9.300000 10.300000 0.000000 124.000617 495.999383 1.000000 2.000000 3.000000 1.000000 2.000000 3.000000 1.000000 2.000000 3.000000
1.000000 1.000000 0.000000 9.400000 10.400000 0.000000 124.000484 495.999516 1.000000 2.000000 3.000000 1.000000 2.000000 3.000000 1.000000 2.000000 3.000000
1.000000 1.000000 0.000000 9.500000 10.500000 0.000000 124.000378 495.999622 1.000000 2.000000 3.000000 1.000000 2.000000 3.000000 1.000000 2.000000 3.000000
1.000000 1.000000 0.000000 9.600000 10.600000 0.000000 124.000295 495.999705 1.000000 2.000000 3.000000 1.000000 2.000000 3.000000 1.000000 2.000000 3.000000
1.000000 1.000000 0.000000 9.700000 10.700000 0.000000 124.000230 495.999770 1.000000 2.000000 3.000000 1.000000 2.000000 3.000000 1.000000 2.000000 3.000000
1.000000 1.000000 0.000000 9.800000 10.800000 0.000000 124.000178 495.999822 1.000000 2.000000 3.000000 1.000000 2.000000 3.000000 1.000000 2.000000 3.000000
1.000000 1.000000 0.000000 9.900000 10.900000 0.000000 124.000138 495.999862 1.000000 2.000000 3.000000 1.000000 2.000000 3.000000 1.000000 2.000000 3.000000
1.000000 1.000000 0.000000 10.000000 11.000000 0.000000 124.000107 495.999893 1.000000 2.000000 3.000000 1.000000 2.000000 3.000000 1.000000 2.000000 3.000000
1.000000 1.000000 0.000000 10.100000 11.100000 0.000000 124.000082 495.999918 1.000000 2.000000 3.000000 1.000000 2.000000 3.000000 1.000000 2.000000 3.000000
1.000000 1.000000 0.000000 10.200000 11.200000 0.000000 124.000063 495.999937 1.000000 2.000000 3.000000 1.000000 2.000000 3.000000 1.000000 2.000000 3.000000
1.000000 1.000000 0.000000 10.300000 11.300000 0.000000 124.000048 495.999952 1.000000 2.000000 3.000000 1.000000 2.000000 3.000000 1.000000 2.000000 3.000000
1.000000 1.000000 0.000000 10.400000 11.400000 0.000001 124.000037 495.999963 1.000000 2.000000 3.000000 1.000000 2.000000 3.000000 1.000000 2.000000 3.000000
1.000000 1.000000 0.000000 10.500000 11.500000 0.000002 124.000028 495.999972 1.000000 2.000000 3.000000 1.000000 2.000000 3.000000 1.000000 2.000000 3.000000
1.000000 1.000000 0.000000 10.600000 11.600000 0.000004 124.000022 495.999978 1.000000 2.000000 3.000000 1.000000 2.000000 3.000000 1.000000 2.000000 3.000000
1.000000 1.000000 0.000000 10.700000 11.700000 0.000009 124.000016 495.999984 1.000000 2.000000 3.000000 1.000000 2.000000 3.000000 1.000000 2.000000 3.000000
1.000000 1.000000 0.000000 10.800000 11.800000 0.000018 124.000012 495.999988 1.000000 2.000000 3.000000 1.000000 2.000000 3.000000 1.000000 2.000000 3.000000
1.000000 1.000000 0.000000 10.900000 11.900000 0.000037 124.000009 495.999991 1.000000 2.000000 3.000000 1.000000 2.000000 3.000000 1.000000 2.000000 3.000000
1.000000 1.000000 0.000000 11.000000 12.000000 0.000075 124.000007 495.999993 1.000000 2.000000 3.000000 1.000000 2.000000 3.000000 1.000000 2.000000 3.000000
1.000000 1.000000 0.000000 11.100000 12.100000 0.000148 124.000005 495.999995 1.000000 2.000000 3.000000 1.000000 2.000000 3.000000 1.000000 2.000000 3.000000
1.000000 1.000000 0.000000 11.200000 12.200000 0.000288 124.000004 495.999996 1.000000 2.000000 3.000000 1.000000 2.000000 3.000000 1.000000 2.000000 3.000000
1.000000 1.000000 0.000000 11.300000 12.300000 0.000552 124.000003 495.999997 1.000000 2.000000 3.000000 1.000000 2.000000 3.000000 1.000000 2.000000 3.000000
1.000000 1.000000 0.000000 11.400000 12.400000 0.001041 124.000002 495.999998 1.000000 2.000000 3.000000 1.000000 2.000000 3.000000 1.000000 2.000000 3.000000
1.000000 1.000000 0.000000 11.500000 12.500000 0.001931 124.000002 495.999998 1.000000 2.000000 3.000000 1.000000 2.000000 3.000000 1.000000 2.000000 3.000000
1.000000 1.000000 0.000000 11.600000 12.600000 0.003524 124.000001 495.999999 1.000000 2.000000 3.000000 1.000000 2.000000 3.000000 1.000000 2.000000 3.000000
1.000000 1.000000 0.000000 11.700000 12.700000 0.006329 124.000001 495.999999 1.000000 2.000000 3.000000 1.000000 2.000000 3.000000 1.000000 2.000000 3.000000
1.000000 1.000000 0.000000 11.800000 12.800000 0.011188 124.000001 495.999999 1.000000 2.000000 3.000000 1.000000 2.000000 3.000000 1.000000 2.000000 3.000000
1.000000 1.000000 0.000000 11.900000 12.900000 0.019464 124.000000 496.000000 1.000000 2.000000 3.000000 1.000000 2.000000 3.000000 1.000000 2.000000 3.000000
1.000000 1.000000 0.000000 12.000000 13.000000 0.033328 124.000000 496.000000 1.000000 2.000000 3.000000 1.000000 2.000000 3.000000 1.000000 2.000000 3.000000
1.000000 1.000000 0.000000 12.100000 13.100000 0.056171 124.000000 496.000000 1.000000 2.000000 3.000000 1.000000 2.000000 3.000000 1.000000 2.000000 3.000000
1.000000 1.000000 0.000000 12.200000 13.200000 0.093185 124.000000 496.000000 1.000000 2.000000 3.000000 1.000000 2.000000 3.000000 1.000000 2.000000 3.000000
1.000000 1.000000 0.000000 12.300000 13.300000 0.152172 124.000000 496.000000 1.000000 2.000000 3.000000 1.000000 2.000000 3.000000 1.000000 2.000000 3.000000
1.000000 1.000000 0.000000 12.400000 13.400000 0.244625 124.000000 496.000000 1.000000 2.000000 3.000000 1.000000 2.000000 3.000000 1.000000 2.000000 3.000000
1.000000 1.000000 0.000000 12.500000 13.500000 0.387138 124.000000 496.000000 1.000000 2.000000 3.000000 1.000000 2.000000 3.000000 1.000000 2.000000 3.000000
1.000000 1.000000 0.000000 12.600000 13.600000 0.603190 124.000000 496.000000 1.000000 2.000000 3.000000 1.000000 2.000000 3.000000 1.000000 2.000000 3.000000
1.000000 1.000000 0.000000 12.700000 13.700000 0.925323 124.000000 496.000000 1.000000 2.000000 3.000000 1.000000 2.000000 3.000000 1.000000 2.000000 3.000000
1.000000 1.000000 0.000000 12.800000 13.800000 1.397696 124.000000 496.000000 1.000000 2.000000 3.000000 1.000000 2.000000 3.000000 1.000000 2.000000 3.000000
1.000000 1.000000 0.000000 12.900000 13.900000 2.078945 124.000000 496.000000 1.000000 2.000000 3.000000 1.000000 2.000000 3.000000 1.000000 2.000000 3.000000
1.000000 1.000000 0.000000 13.000000 14.000000 3.045215 124.000000 496.000000 1.000000 2.000000 3.000000 1.000000 2.000000 3.000000 1.000000 2.000000 3.000000
1.000000 1.000000 0.000000 13.100000 14.100000 4.393130 124.000000 496.000000 1.000000 2.000000 3.000000 1.000000 2.000000 3.000000 1.000000 2.000000 3.000000
1.000000 1.000000 0.000000 13.200000 14.200000 6.242393 124.000000 496.000000 1.000000 2.000000 3.000000 1.000000 2.000000 3.000000 1.000000 2.000000 3.000000
1.000000 1.000000 0.000000 13.300000 14.300000 8.737599 124.000000 496.000000 1.000000 2.000000 3.000000 1.000000 2.000000 3.000000 1.000000 2.000000 3.000000
1.000000 1.000000 0.000000 13.400000 14.400000 12.048802 124.000000 496.000000 1.000000 2.000000 3.000000 1.000000 2.000000 3.000000 1.000000 2.000000 3.000000
1.000000 1.000000 0.000000 13.500000 14.500000 16.370329 124.000000 496.000000 1.000000 2.000000 3.000000 1.000000 2.000000 3.000000 1.000000 2.000000 3.000000
1.000000 1.000000 0.000000 13.600000 14.600000 21.917355 124.000000 496.000000 1.000000 2.000000 3.000000 1.000000 2.000000 3.000000 1.000000 2.000000 3.000000
1.000000 1.000000 0.000000 13.700000 14.700000 28.919886 124.000000 496.000000 1.000000 2.000000 3.000000 1.000000 2.000000 3.000000 1.000000 2.000000 3.000000
1.000000 1.000000 0.000000 13.800000 14.800000 37.613928 124.000000 496.000000 1.000000 2.000000 3.000000 1.000000 2.000000 3.000000 1.000000 2.000000 3.000000
1.000000 1.000000 0.000000 13.900000 14.900000 48.229908 124.000000 496.000000 1.000000 2.000000 3.000000 1.000000 2.000000 3.000000 1.000000 2.000000 3.000000
1.000000 1.000000 0.000000 14.000000 15.000000 60.978737 124.000000 496.000000 1.000000 2.000000 3.000000 1.000000 2.000000 3.000000 1.000000 2.000000 3.000000
1.000000 1.000000 0.000000 14.100000 15.100000 76.036216 124.000000 496.000000 1.000000 2.000000 3.000000 1.000000 2.000000 3.000000 1.000000 2.000000 3.000000
1.000000 1.000000 0.000000 14.200000 15.200000 93.526871 124.000000 496.000000 1.000000 2.000000 3.000000 1.000000 2.000000 3.000000 1.000000 2.000000 3.000000
1.000000 1.000000 0.000000 14.300000 15.300000 113.508534 124.000000 496.000000 1.000000 2.000000 3.000000 1.000000 2.000000 3.000000 1.000000 2.000000 3.000000
1.000000 1.000000 0.000000 14.400000 15.400000 135.959188 124.000000 496.000000 1.000000 2.000000 3.000000 1.000000 2.000000 3.000000 1.000000 2.000000 3.000000
1.000000 1.000000 0.000000 14.500000 15.500000 160.767555 124.000000 496.000000 1.000000 2.000000 3.000000 1.000000 2.000000 3.000000 1.000000 2.000000 3.000000
1.000000 1.000000 0.000000 14.600000 15.600000 187.728751 124.000000 496.000000 1.000000 2.000000 3.000000 1.000000 2.000000 3.000000 1.000000 2.000000 3.000000
1.000000 1.000000 0.000000 14.700000 15.700000 216.545961 124.000000 496.000000 1.000000 2.000000 3.000000 1.000000 2.000000 3.000000 1.000000 2.000000 3.000000
1.000000 1.000000 0.000000 14.800000 15.800000 246.838559 124.000000 496.000000 1.000000 2.000000 3.000000 1.000000 2.000000 3.000000 1.000000 2.000000 3.000000
1.000000 1.000000 0.000000 14.900000 15.900000 278.156478 124.000000 496.000000 1.000000 2.000000 3.000000 1.000000 2.000000 3.000000 1.000000 2.000000 3.000000
1.000000 1.000000 0.000000 15.000000 16.000000 620.000000 0.000000 0.000000 1.000000 2.000000 3.000000 1.000000 2.000000 3.000000 1.000000 2.000000 3.000000
1.000000 1.000000 0.000000 15.100000 16.100000 620.000000 0.000000 0.000000 1.000000 2.000000 3.000000 1.000000 2.000000 3.000000 1.000000 2.000000 3.000000
1.000000 1.000000 0.000000 15.200000 16.200000 620.000000 0.000000 0.000000 1.000000 2.000000 3.000000 1.000000 2.000000 3.000000 1.000000 2.000000 3.000000
1.000000 1.000000 0.000000 15.300000 16.300000 620.000000 0.000000 0.000000 1.000000 2.000000 3.000000 1.000000 2.000000 3.000000 1.000000 2.000000 3.000000
1.000000 1.000000 0.000000 15.400000 16.400000 620.000000 0.000000 0.000000 1.000000 2.000000 3.000000 1.000000 2.000000 3.000000 1.000000 2.000000 3.000000
1.000000 1.000000 0.000000 15.500000 16.500000 620.000000 0.000000 0.000000 1.000000 2.000000 3.000000 1.000000 2.000000 3.000000 1.000000 2.000000 3.000000
1.000000 1.000000 0.000000 15.600000 16.600000 620.000000 0.000000 0.000000 1.000000 2.000000 3.000000 1.000000 2.000000 3.000000 1.000000 2.000000 3.000000
1.000000 1.000000 0.000000 15.700000 16.700000 620.000000 0.000000 0.000000 1.000000 2.000000 3.000000 1.000000 2.000000 3.000000 1.000000 2.000000 3.000000
1.000000 1.000000 0.000000 15.800000 16.800000 620.000000 0.000000 0.000000 1.000000 2.000000 3.000000 1.000000 2.000000 3.000000 1.000000 2.000000 3.000000
1.000000 1.000000 0.000000 15.900000 16.900000 620.000000 0.000000 0.000000 1.000000 2.000000 3.000000 1.000000 2.000000 3.000000 1.000000 2.000000 3.000000
1.000000 1.000000 0.000000 16.000000 17.000000 620.000000 0.000000 0.000000 1.000000 2.000000 3.000000 1.000000 2.000000 3.000000 1.000000 2.000000 3.000000
1.000000 1.000000 0.000000 16.100000 17.100000 620.000000 0.000000 0.000000 1.000000 2.000000 3.000000 1.000000 2.000000 3.000000 1.000000 2.000000 3.000000
1.000000 1.000000 0.000000 16.200000 17.200000 620.000000 0.000000 0.000000 1.000000 2.000000 3.000000 1.000000 2.000000 3.000000 1.000000 2.000000 3.000000
1.000000 1.000000 0.000000 16.300000 17.300000 620.000000 0.000000 0.000000 1.000000 2.000000 3.000000 1.000000 2.000000 3.000000 1.000000 2.000000 3.000000
1.000000 1.000000 0.000000 16.400000 17.400000 620.000000 0.000000 0.000000 1.000000 2.000000 3.000000 1.000000 2.000000 3.000000 1.000000 2.000000 3.000000
1.000000 1.000000 0.000000 16.500000 17.500000 620.000000 0.000000 0.000000 1.000000 2.000000 3.000000 1.000000 2.000000 3.000000 1.000000 2.000000 3.000000
1.000000 1.000000 0.000000 16.600000 17.600000 620.000000 0.000000 0.000000 1.000000 2.000000 3.000000 1.000000 2.000000 3.000000 1.000000 2.000000 3.000000
1.000000 1.000000 0.000000 16.700000 17.700000 620.000000 0.000000 0.000000 1.000000 2.000000 3.000000 1.000000 2.000000 3.000000 1.000000 2.000000 3.000000
1.000000 1.000000 0.000000 16.800000 17.800000 620.000000 0.000000 0.000000 1.000000 2.000000 3.000000 1.000000 2.000000 3.000000 1.000000 2.000000 3.000000
1.000000 1.000000 0.000000 16.900000 17.900000 620.000000 0.000000 0.000000 1.000000 2.000000 3.000000 1.000000 2.000000 3.000000 1.000000 2.000000 3.000000
1.000000 1.000000 0.000000 17.000000 18.000000 620.000000 0.000000 0.000000 1.000000 2.000000 3.000000 1.000000 2.000000 3.000000 1.000000 2.000000 3.000000
1.000000 1.000000 0.000000 17.100000 18.100000 620.000000 0.000000 0.000000 1.000000 2.000000 3.000000 1.000000 2.000000 3.000000 1.000000 2.000000 3.000000
1.000000 1.000000 0.000000 17.200000 18.200000 620.000000 0.000000 0.000000 1.000000 2.000000 3.000000 1.000000 2.000000 3.000000 1.000000 2.000000 3.000000
1.000000 1.000000 0.000000 17.300000 18.300000 620.000000 0.000000 0.000000 1.000000 2.000000 3.000000 1.000000 2.000000 3.000000 1.000000 2.000000 3.000000
1.000000 1.000000 0.000000 17.400000 18.400000 620.000000 0.000000 0.000000 1.000000 2.000000 3.000000 1.000000 2.000000 3.000000 1.000000 2.000000 3.000000
1.000000 1.000000 0.000000 17.500000 18.500000 620.000000 0.000000 0.000000 1.000000 2.000000 3.000000 1.000000 2.000000 3.000000 1.000000 2.000000 3.000000
1.000000 1.000000 0.000000 17.600000 18.600000 620.000000 0.000000 0.000000 1.000000 2.000000 3.000000 1.000000 2.000000 3.000000 1.000000 2.000000 3.000000
1.000000 1.000000 0.000000 17.700000 18.700000 620.000000 0.000000 0.000000 1.000000 2.000000 3.000000 1.000000 2.000000 3.000000 1.000000 2.000000 3.000000
1.000000 1.000000 0.000000 17.800000 18.800000 620.000000 0.000000 0.000000 1.000000 2.000000 3.000000 1.000000 2.000000 3.000000 1.000000 2.000000 3.000000
1.000000 1.000000 0.000000 17.900000 18.900000 620.000000 0.000000 0.000000 1.000000 2.000000 3.000000 1.000000 2.000000 3.000000 1.000000 2.000000 3.000000
1.000000 1.000000 0.000000 18.000000 19.000000 620.000000 0.000000 0.000000 1.000000 2.000000 3.000000 1.000000 2.000000 3.000000 1.000000 2.000000 3.000000
1.000000 1.000000 0.000000 18.100000 19.100000 620.000000 0.000000 0.000000 1.000000 2.000000 3.000000 1.000000 2.000000 3.000000 1.000000 2.000000 3.000000
1.000000 1.000000 0.000000 18.200000 19.200000 620.000000 0.000000 0.000000 1.000000 2.000000 3.000000 1.000000 2.000000 3.000000 1.000000 2.000000 3.000000
1.000000 1.000000 0.000000 18.300000 19.300000 620.000000 0.000000 0.000000 1.000000 2.000000 3.000000 1.000000 2.000000 3.000000 1.000000 2.000000 3.000000
1.000000 1.000000 0.000000 18.400000 19.400000 620.000000 0.000000 0.000000 1.000000 2.000000 3.000000 1.000000 2.000000 3.000000 1.000000 2.000000 3.000000
1.000000 1.000000 0.000000 18.500000 19.500000 620.000000 0.000000 0.000000 1.000000 2.000000 3.000000 1.000000 2.000000 3.000000 1.000000 2.000000 3.000000
1.000000 1.000000 0.000000 18.600000 19.600000 620.000000 0.000000 0.000000 1.000000 2.000000 3.000000 1.000000 2.000000 3.000000 1.000000 2.000000 3.000000
1.000000 1.000000 0.000000 18.700000 19.700000 620.000000 0.000000 0.000000 1.000000 2.000000 3.000000 1.000000 2.000000 3.000000 1.000000 2.000000 3.000000
1.000000 1.000000 0.000000 18.800000 19.800000 620.000000 0.000000 0.000000 1.000000 2.000000 3.000000 1.000000 2.000000 3.000000 1.000000 2.000000 3.000000
1.000000 1.000000 0.000000 18.900000 19.900000 620.000000 0.000000 0.000000 1.000000 2.000000 3.000000 1.000000 2.000000 3.000000 1.000000 2.000000 3.000000
1.000000 1.000000 0.000000 19.000000 20.000000 620.000000 0.000000 0.000000 1.000000 2.000000 3.000000 1.000000 2.000000 3.000000 1.000000 2.000000 3.000000
1.000000 1.000000 0.000000 19.100000 20.100000 620.000000 0.000000 0.000000 1.000000 2.000000 3.000000 1.000000 2.000000 3.000000 1.000000 2.000000 3.000000
1.000000 1.000000 0.000000 19.200000 20.200000 620.000000 0.000000 0.000000 1.000000 2.000000 3.000000 1.000000 2.000000 3.000000 1.000000 2.000000 3.000000
1.000000 1.000000 0.000000 19.300000 20.300000 620.000000 0.000000 0.000000 1.000000 2.000000 3.000000 1.000000 2.000000 3.000000 1.000000 2.000000 3.000000
1.000000 1.000000 0.000000 19.400000 20.400000 620.000000 0.000000 0.000000 1.000000 2.000000 3.000000 1.000000 2.000000 3.000000 1.000000 2.000000 3.000000
1.000000 1.000000 0.000000 19.500000 20.500000 620.000000 0.000000 0.000000 1.000000 2.000000 3.000000 1.000000 2.000000 3.000000 1.000000 2.000000 3.000000
1.000000 1.000000 0.000000 19.600000 20.600000 620.000000 0.000000 0.000000 1.000000 2.000000 3.000000 1.000000 2.000000 3.000000 1.000000 2.000000 3.000000
1.000000 1.000000 0.000000 19.700000 20.700000 620.000000 0.000000 0.000000 1.000000 2.000000 3.000000 1.000000 2.000000 3.000000 1.000000 2.000000 3.000000
1.000000 1.000000 0.000000 19.800000 20.800000 620.000000 0.000000 0.000000 1.000000 2.000000 3.000000 1.000000 2.000000 3.000000 1.000000 2.000000 3.000000
1.000000 1.000000 0.000000 19.900000 20.900000 620.000000 0.000000 0.000000 1.000000 2.000000 3.000000 1.000000 2.000000 3.000000 1.000000 2.000000 3.000000

752 512.378 0 0 1 400 0 0 0 0 0 0 0 0 0 0 0 0 0 0 0 0
752 512.378 1 1 2 400 0 0 0 0 0 0 0 0 0 0 0 0 0 0 0 0
752 512.378 2 2 3 400 0 0 0 0 0 0 0 0 0 0 0 0 0 0 0 0
752 512.378 3 3 4 400 0 0 0 0 0 0 0 0 0 0 0 0 0 0 0 0
752 512.378 4 4 5 400 0 0 0 0 0 0 0 0 0 0 0 0 0 0 0 0
752 512.378 5 5 6 400 0 0 0 0 0 0 0 0 0 0 0 0 0 0 0 0
752 512.378 6 6 7 400 0 0 0 0 0 0 0 0 0 0 0 0 0 0 0 0
752 512.378 7 7 8 400 0 0 0 0 0 0 0 0 0 0 0 0 0 0 0 0
752 512.378 8 8 9 233 167 0 0 0 0 0 0 0 0 0 0 10392 -10392 0 0 41814
752 512.378 9 9 10 153 247 0 0 0 0 0 0 0 10392 -10392 0 11676 -11676 0 0 94734
752 512.378 10 10 11 110 290 0 0 0 0 0 0 0 11676 -11676 0 10800 -10800 0 0 117308
752 512.378 11 11 12 80 320 0 0 0 0 0 0 0 10800 -10800 0 9266 -9266 0 0 138884
752 512.378 12 12 13 77 323 0 0 0 0 0 0 0 9266 -9266 0 7640 -7640 0 0 157124
752 512.378 13 13 14 56 344 0 0 0 0 0 0 0 7640 -7640 0 6472 -6472 0 0 172216
752 512.378 14 14 15 51 349 0 0 0 0 0 0 0 6472 -6472 0 4087 -4087 0 0 184605
752 512.378 15 15 16 46 354 0 0 0 0 0 0 0 4087 -4087 0 -11 11 0 0 191336
752 512.378 16 16 17 6 394 0 0 0 0 -492 492 0 -11 11 0 480 -480 0 1854 191009
752 512.378 17 17 18 4 396 0 -492 492 0 -32 32 0 480 -480 0 21 -21 0 3718 186459
752 512.378 18 18 19 4 396 0 -32 32 0 -59 59 0 21 -21 0 49 -49 0 3659 180660
752 512.378 19 19 20 6 394 0 -59 59 0 -6 6 0 49 -49 0 -5 5 0 3653 174910
752 512.378 20 20 21 5 395 0 -6 6 0 -42 42 0 -5 5 0 31 -31 0 3744 169148
752 512.378 21 21 22 5 395 0 -42 42 0 2 -2 0 31 -31 0 -13 13 0 3762 163312
752 512.378 22 22 23 5 395 0 2 -2 0 -78 78 0 -13 13 0 67 -67 0 3688 157412
752 512.378 23 23 24 4 396 0 -78 78 0 -8 8 0 67 -67 0 -2 2 0 3698 151491
752 512.378 24 24 25 6 394 0 -8 8 0 -8 8 0 -2 2 0 -3 3 0 3764 145603
752 512.378 25 25 26 5 395 0 -8 8 0 -1 1 0 -3 3 0 -10 10 0 3727 139719
752 512.378 26 26 27 5 394 1 -1 1 0 -43 43 0 -10 10 0 32 -31 -1 3686 133850
752 512.378 27 27 28 5 395 0 -43 43 0 -27 27 0 32 -31 -1 16 -15 -1 3710 127988
752 512.378 28 28 29 5 395 0 -27 27 0 32 -32 0 16 -15 -1 -43 44 -1 3741 122101
752 512.378 29 29 30 5 395 0 32 -32 0 -30 30 0 -43 44 -1 19 -18 -1 3694 116306
752 512.378 30 30 31 5 395 0 -30 30 0 54 -54 0 19 -18 -1 -65 66 -1 3698 110554
752 512.378 31 31 32 5 395 0 54 -54 0 -61 61 0 -65 66 -1 50 -49 -1 3679 104809
752 512.378 32 32 33 5 395 0 -61 61 0 31 -31 0 50 -49 -1 -42 43 -1 3610 99110
752 512.378 33 33 34 5 395 0 31 -31 0 -62 62 0 -42 43 -1 51 -50 -1 3607 93395
752 512.378 34 34 35 4 396 0 -62 62 0 -24 24 0 51 -50 -1 14 -13 -1 3678 87553
752 512.378 35 35 36 7 393 0 -24 24 0 -13 13 0 14 -13 -1 1 0 -1 3739 81709
752 512.378 36 36 37 4 396 0 -13 13 0 39 -39 0 1 0 -1 -50 51 -1 3836 75845
752 512.378 37 37 38 5 395 0 39 -39 0 -55 55 0 -50 51 -1 44 -43 -1 3824 69886
752 512.378 38 38 39 5 395 0 -55 55 0 15 -14 -1 44 -43 -1 -26 26 0 3736 63960
752 512.378 39 39 40 5 395 0 15 -14 -1 -26 26 0 -26 26 0 15 -15 0 3737 58059
752 512.378 40 40 41 5 394 1 -26 26 0 -22 22 0 15 -15 0 11 -11 0 3692 52218
752 512.378 41 41 42 4 395 1 -22 22 0 -90 90 0 11 -11 0 80 -79 -1 3696 46407
752 512.378 42 42 43 6 392 2 -90 90 0 56 -55 -1 80 -79 -1 -67 69 -2 3698 40639
752 512.378 43 43 44 5 394 1 56 -55 -1 15 -14 -1 -67 69 -2 -26 28 -2 3719 34917
752 512.378 44 44 45 5 392 3 15 -14 -1 10 -9 -1 -26 28 -2 -21 25 -4 3765 29153
752 512.378 45 45 46 5 394 1 10 -9 -1 -20 20 0 -21 25 -4 9 -9 0 3708 23372
752 512.378 46 46 47 4 389 7 -20 20 0 40 -34 -6 9 -9 0 -50 40 10 3616 17583
752 512.378 47 47 48 6 378 16 40 -34 -6 -64 95 -31 -50 40 10 53 -84 31 3486 11909
752 512.378 48 48 49 5 317 78 -64 95 -31 -192 229 -37 53 -84 31 181 -201 20 3086 6658
752 512.378 49 49 50 5 217 178 -192 229 -37 -11 41 -30 181 -201 20 0 0 0 2469 2089
752 512.378 50 50 51 5 148 247 -11 41 -30 -118 120 -2 0 0 0 107 -57 -50 1945 1741
752 512.378 51 51 52 5 98 297 -118 120 -2 -87 104 -17 107 -57 -50 76 -61 -15 1459 4827
752 512.378 52 52 53 5 32 363 -87 104 -17 -43 30 13 76 -61 -15 32 4 -36 1060 7178
752 512.378 53 53 54 5 16 379 -43 30 13 -18 5 13 32 4 -36 7 17 -24 865 9005
752 512.378 54 54 55 5 11 384 -18 5 13 -2 6 -4 7 17 -24 -9 11 -2 796 10582
752 512.378 55 55 56 5 8 387 -2 6 -4 11 4 -15 -9 11 -2 -22 9 13 801 12105
752 512.378 56 56 57 5 5 390 11 4 -15 0 0 0 -22 9 13 -11 9 2 833 13667
752 512.378 57 57 58 5 2 393 0 0 0 -3 2 1 -11 9 2 -8 5 3 827 15237
752 512.378 58 58 59 5 3 392 -3 2 1 18 -1 -17 -8 5 3 -29 6 23 751 16723
752 512.378 59 59 60 5 2 393 18 -1 -17 9 -1 -8 -29 6 23 -20 4 16 757 18149
752 512.378 60 60 61 5 2 393 9 -1 -8 8 -1 -7 -20 4 16 -19 2 17 749 19575
752 512.378 61 61 62 5 0 395 8 -1 -7 12 0 -12 -19 2 17 -23 1 22 746 20980
752 512.378 62 62 63 5 0 395 12 0 -12 -10 0 10 -23 1 22 -1 1 0 794 22420
752 512.378 63 63 64 5 0 395 -10 0 10 33 -1 -32 -1 1 0 -44 2 42 799 23927
752 512.378 64 64 65 5 1 394 33 -1 -32 20 0 -20 -44 2 42 -31 0 31 789 25445
752 512.378 65 65 66 5 0 395 20 0 -20 26 0 -26 -31 0 31 -37 0 37 782 26940
752 512.378 66 66 67 5 0 395 26 0 -26 -10 0 10 -37 0 37 -1 0 1 780 28424
752 512.378 67 67 68 5 0 395 -10 0 10 2 1 -3 -1 0 1 -13 -1 14 750 29870
752 512.378 68 68 69 5 0 395 2 1 -3 27 0 -27 -13 -1 14 -38 1 37 741 31267
752 512.378 69 69 70 5 0 395 27 0 -27 21 0 -21 -38 1 37 -32 1 31 780 32712
752 512.378 70 70 71 5 0 395 21 0 -21 49 0 -49 -32 1 31 -59 1 58 792 34231
752 512.378 71 71 72 5 0 395 49 0 -49 -14 0 14 -59 1 58 3 1 -4 749 35722
752 512.378 72 72 73 5 0 395 -14 0 14 22 0 -22 3 1 -4 -33 1 32 740 37128
752 512.378 73 73 74 5 0 395 22 0 -22 13 0 -13 -33 1 32 -24 1 23 753 38517
752 512.378 74 74 75 5 0 395 13 0 -13 4 0 -4 -24 1 23 -15 1 14 763 39955
752 512.378 75 75 76 4 0 396 4 0 -4 8 0 -8 -15 1 14 -18 1 17 770 41419
752 512.378 76 76 77 6 0 394 8 0 -8 -8 0 8 -18 1 17 -3 1 2 772 42869
752 512.378 77 77 78 5 0 395 -8 0 8 -24 0 24 -3 1 2 13 1 -14 796 44340
752 512.378 78 78 79 5 0 395 -24 0 24 38 1 -39 13 1 -14 -49 0 49 808 45854
752 512.378 79 79 80 5 0 395 38 1 -39 -3 0 3 -49 0 49 -8 1 7 787 47357
752 512.378 80 80 81 5 0 395 -3 0 3 -2 0 2 -8 1 7 -9 1 8 755 48803
752 512.378 81 81 82 5 0 395 -2 0 2 15 0 -15 -9 1 8 -26 1 25 797 50259
752 512.378 82 82 83 5 0 395 15 0 -15 56 0 -56 -26 1 25 -67 1 66 781 51751
752 512.378 83 83 84 5 0 395 56 0 -56 0 0 0 -67 1 66 -11 1 10 356 52838
752 512.378 84 84 85 12 0 388 0 0 0 0 0 0 -11 1 10 -670 1 669 0 53219
752 512.378 85 85 86 16 0 384 0 0 0 0 0 0 -670 1 669 -1243 0 1243 0 52753
752 512.378 86 86 87 20 0 380 0 0 0 0 0 0 -1243 0 1243 -1904 -1 1905 0 51219
752 512.378 87 87 88 31 1 368 0 0 0 0 0 0 -1904 -1 1905 -2882 0 2882 0 48294
752 512.378 88 88 89 54 0 346 0 0 0 0 0 0 -2882 0 2882 -4048 0 4048 0 43150
752 512.378 89 89 90 109 0 291 0 0 0 0 0 0 -4048 0 4048 -4783 0 4783 0 35491
752 512.378 90 90 91 194 0 206 0 0 0 0 0 0 -4783 0 4783 -4074 0 4074 0 26421
752 512.378 91 91 92 296 0 104 0 0 0 0 0 0 -4074 0 4074 0 0 0 0 10880
752 512.378 92 92 93 400 0 0 0 0 0 0 0 0 0 0 0 0 0 0 0 0
752 512.378 93 93 94 400 0 0 0 0 0 0 0 0 0 0 0 0 0 0 0 0
752 512.378 94 94 95 400 0 0 0 0 0 0 0 0 0 0 0 0 0 0 0 0
752 512.378 95 95 96 400 0 0 0 0 0 0 0 0 0 0 0 0 0 0 0 0
752 512.378 96 96 97 400 0 0 0 0 0 0 0 0 0 0 0 0 0 0 0 0
752 512.378 97 97 98 400 0 0 0 0 0 0 0 0 0 0 0 0 0 0 0 0
752 512.378 98 98 99 400 0 0 0 0 0 0 0 0 0 0 0 0 0 0 0 0
752 512.378 99 99 100 400 0 0 0 0 0 0 0 0 0 0 0 0 0 0 0 0

999 12692 0 0 1 400 0 0 0 0 0 0 0 0 0 0 0 0 0 0 0 0
999 12692 1 1 2 400 0 0 0 0 0 0 0 0 0 0 0 0 0 0 0 0
999 12692 2 2 3 400 0 0 0 0 0 0 0 0 0 0 0 0 0 0 0 0
999 12692 3 3 4 400 0 0 0 0 0 0 0 0 0 0 0 0 0 0 0 0
999 12692 4 4 5 400 0 0 0 0 0 0 0 0 0 0 0 0 0 0 0 0
999 12692 5 5 6 400 0 0 0 0 0 0 0 0 0 0 0 0 0 0 0 0
999 12692 6 6 7 400 0 0 0 0 0 0 0 0 0 0 0 0 0 0 0 0
999 12692 7 7 8 400 0 0 0 0 0 0 0 0 0 0 0 0 0 0 0 0
999 12692 8 8 9 335 65 0 0 0 0 0 0 0 0 0 0 16592 -16592 0 0 33038
999 12692 9 9 10 245 155 0 0 0 0 0 0 0 16592 -16592 0 21221 -21221 0 0 88583
999 12692 10 10 11 137 263 0 0 0 0 0 0 0 21221 -21221 0 16520 -16520 0 0 133505
999 12692 11 11 12 45 355 0 0 0 0 0 0 0 16520 -16520 0 9435 -9435 0 0 169883
999 12692 12 12 13 15 385 0 0 0 0 0 0 0 9435 -9435 0 4911 -4911 0 0 189882
999 12692 13 13 14 7 393 0 0 0 0 0 0 0 4911 -4911 0 2834 -2834 0 0 197909
999 12692 14 14 15 6 394 0 0 0 0 0 0 0 2834 -2834 0 1330 -1330 0 0 200382
999 12692 15 15 16 3 397 0 0 0 0 0 0 0 1330 -1330 0 26 -26 0 0 200460
999 12692 16 16 17 5 395 0 0 0 0 -71 71 0 26 -26 0 95 -95 0 1491 198563
999 12692 17 17 18 5 395 0 -71 71 0 -40 40 0 95 -95 0 63 -63 0 2923 194146
999 12692 18 18 19 5 395 0 -40 40 0 78 -78 0 63 -63 0 -53 53 0 2906 188314
999 12692 19 19 20 5 395 0 78 -78 0 8 -8 0 -53 53 0 15 -15 0 2984 182420
999 12692 20 20 21 5 395 0 8 -8 0 -29 29 0 15 -15 0 54 -54 0 2997 176435
999 12692 21 21 22 5 395 0 -29 29 0 -8 8 0 54 -54 0 34 -34 0 2993 170442
999 12692 22 22 23 5 395 0 -8 8 0 63 -63 0 34 -34 0 -40 40 0 3069 164376
999 12692 23 23 24 5 395 0 63 -63 0 71 -71 0 -40 40 0 -47 47 0 3048 158255
999 12692 24 24 25 5 395 0 71 -71 0 29 -29 0 -47 47 0 -7 7 0 3002 152202
999 12692 25 25 26 5 395 0 29 -29 0 2 -2 0 -7 7 0 20 -20 0 2955 146243
999 12692 26 26 27 5 395 0 2 -2 0 23 -23 0 20 -20 0 -2 2 0 2915 140372
999 12692 27 27 28 5 395 0 23 -23 0 29 -29 0 -2 2 0 -12 12 0 2996 134456
999 12692 28 28 29 5 395 0 29 -29 0 50 -50 0 -12 12 0 -38 38 0 2975 128476
999 12692 29 29 30 5 395 0 50 -50 0 -67 67 0 -38 38 0 80 -80 0 2921 122574
999 12692 30 30 31 5 395 0 -67 67 0 -74 74 0 80 -80 0 90 -90 0 2991 116658
999 12692 31 31 32 5 395 0 -74 74 0 11 -11 0 90 -90 0 4 -4 0 3011 110652
999 12692 32 32 33 5 395 0 11 -11 0 8 -8 0 4 -4 0 6 -6 0 2925 104714
999 12692 33 33 34 5 395 0 8 -8 0 27 -27 0 6 -6 0 -15 15 0 2901 98885
999 12692 34 34 35 5 395 0 27 -27 0 6 -6 0 -15 15 0 4 -4 0 2971 93009
999 12692 35 35 36 5 395 0 6 -6 0 -34 34 0 4 -4 0 40 -40 0 2972 87060
999 12692 36 36 37 5 395 0 -34 34 0 4 -4 0 40 -40 0 -1 1 0 2924 81157
999 12692 37 37 38 5 395 0 4 -4 0 -28 29 -1 -1 1 0 27 -28 1 3020 75206
999 12692 38 38 39 5 395 0 -28 29 -1 -29 29 0 27 -28 1 24 -24 0 3081 69097
999 12692 39 39 40 5 394 1 -29 29 0 -31 31 0 24 -24 0 24 -23 -1 3072 62938
999 12692 40 40 41 5 394 1 -31 31 0 44 -44 0 24 -23 -1 -51 53 -2 2979 56885
999 12692 41 41 42 5 395 0 44 -44 0 -18 18 0 -51 53 -2 9 -7 -2 2936 50968
999 12692 42 42 43 5 395 0 -18 18 0 16 -15 -1 9 -7 -2 -29 30 -1 2952 45074
999 12692 43 43 44 5 394 1 16 -15 -1 -12 13 -1 -29 30 -1 -2 4 -2 2942 39175
999 12692 44 44 45 5 394 1 -12 13 -1 -23 25 -2 -2 4 -2 6 -4 -2 3015 33214
999 12692 45 45 46 5 388 7 -23 25 -2 7 -11 4 6 -4 -2 -26 41 -15 3048 27146
999 12692 46 46 47 5 384 11 7 -11 4 -17 29 -12 -26 41 -15 -3 13 -10 3018 21077
999 12692 47 47 48 5 384 11 -17 29 -12 -18 74 -56 -3 13 -10 -5 -18 23 3003 15052
999 12692 48 48 49 5 333 62 -18 74 -56 0 115 -115 -5 -18 23 -25 5 20 3030 9014
999 12692 49 49 50 5 231 164 0 115 -115 -27 286 -259 -25 5 20 0 0 0 2989 2991
999 12692 50 50 51 5 168 227 -27 286 -259 -3 130 -127 0 0 0 -26 -12 38 2978 2980
999 12692 51 51 52 5 78 317 -3 130 -127 -1 55 -54 -26 -12 38 -28 -15 43 2962 8922
999 12692 52 52 53 5 23 372 -1 55 -54 97 9 -106 -28 -15 43 -127 8 119 2986 14871
999 12692 53 53 54 5 4 391 97 9 -106 17 0 -17 -127 8 119 -45 13 32 2966 20826
999 12692 54 54 55 5 6 389 17 0 -17 13 3 -16 -45 13 32 -44 4 40 2948 26745
999 12692 55 55 56 5 4 391 13 3 -16 -2 0 2 -44 4 40 -30 3 27 3063 32760
999 12692 56 56 57 5 1 394 -2 0 2 30 1 -31 -30 3 27 -64 1 63 3044 38870
999 12692 57 57 58 5 0 395 30 1 -31 -60 1 59 -64 1 63 27 1 -28 2986 44903
999 12692 58 58 59 5 0 395 -60 1 59 58 0 -58 27 1 -28 -93 2 91 2894 50786
999 12692 59 59 60 5 1 394 58 0 -58 15 0 -15 -93 2 91 -51 1 50 2917 56600
999 12692 60 60 61 5 0 395 15 0 -15 54 0 -54 -51 1 50 -93 1 92 3021 62542
999 12692 61 61 62 5 0 395 54 0 -54 36 0 -36 -93 1 92 -76 1 75 3018 68585
999 12692 62 62 63 5 0 395 36 0 -36 -30 0 30 -76 1 75 -11 1 10 2920 74525
999 12692 63 63 64 6 0 394 -30 0 30 32 0 -32 -11 1 10 -77 1 76 2928 80376
999 12692 64 64 65 4 0 396 32 0 -32 10 0 -10 -77 1 76 -56 1 55 2986 86293
999 12692 65 65 66 5 0 395 10 0 -10 11 0 -11 -56 1 55 -60 1 59 2987 92270
999 12692 66 66 67 5 0 395 11 0 -11 -13 0 13 -60 1 59 -37 1 36 3076 98337
999 12692 67 67 68 5 0 395 -13 0 13 -11 0 11 -37 1 36 -40 1 39 3030 104445
999 12692 68 68 69 5 1 394 -11 0 11 -37 0 37 -40 1 39 -13 0 13 2924 110401
999 12692 69 69 70 5 0 395 -37 0 37 46 0 -46 -13 0 13 -98 0 98 2945 116273
999 12692 70 70 71 5 0 395 46 0 -46 -22 0 22 -98 0 98 -33 0 33 3046 122269
999 12692 71 71 72 5 0 395 -22 0 22 34 0 -34 -33 0 33 -90 0 90 2980 128299
999 12692 72 72 73 5 0 395 34 0 -34 -16 0 16 -90 0 90 -38 0 38 2952 134234
999 12692 73 73 74 5 0 395 -16 0 16 35 0 -35 -38 0 38 -93 0 93 2985 140177
999 12692 74 74 75 5 0 395 35 0 -35 -26 0 26 -93 0 93 -32 0 32 2885 146051
999 12692 75 75 76 5 0 395 -26 0 26 -3 0 3 -32 0 32 -55 0 55 2947 151883
999 12692 76 76 77 5 0 395 -3 0 3 11 0 -11 -55 0 55 -71 0 71 3036 157868
999 12692 77 77 78 5 0 395 11 0 -11 110 0 -110 -71 0 71 -171 0 171 2993 163900
999 12692 78 78 79 5 0 395 110 0 -110 22 0 -22 -171 0 171 -83 0 83 2988 169882
999 12692 79 79 80 5 0 395 22 0 -22 5 0 -5 -83 0 83 -70 0 70 2987 175861
999 12692 80 80 81 5 0 395 5 0 -5 22 0 -22 -70 0 70 -91 0 91 2925 181781
999 12692 81 81 82 5 0 395 22 0 -22 -7 0 7 -91 0 91 -65 0 65 2957 187670
999 12692 82 82 83 5 0 395 -7 0 7 93 0 -93 -65 0 65 -169 0 169 3050 193684
999 12692 83 83 84 5 0 395 93 0 -93 0 0 0 -169 0 169 -79 0 79 1535 198276
999 12692 84 84 85 5 0 395 0 0 0 0 0 0 -79 0 79 -1468 0 1468 0 200291
999 12692 85 85 86 8 0 392 0 0 0 0 0 0 -1468 0 1468 -2905 0 2905 0 200349
999 12692 86 86 87 7 0 393 0 0 0 0 0 0 -2905 0 2905 -5049 0 5049 0 197998
999 12692 87 87 88 16 0 384 0 0 0 0 0 0 -5049 0 5049 -9306 0 9306 0 190335
999 12692 88 88 89 45 0 355 0 0 0 0 0 0 -9306 0 9306 -16337 0 16337 0 171087
999 12692 89 89 90 105 0 295 0 0 0 0 0 0 -16337 0 16337 -21357 0 21357 0 135100
999 12692 90 90 91 223 0 177 0 0 0 0 0 0 -21357 0 21357 -16716 0 16716 0 89907
999 12692 91 91 92 336 0 64 0 0 0 0 0 0 -16716 0 16716 0 0 0 0 33592
999 12692 92 92 93 400 0 0 0 0 0 0 0 0 0 0 0 0 0 0 0 0
999 12692 93 93 94 400 0 0 0 0 0 0 0 0 0 0 0 0 0 0 0 0
999 12692 94 94 95 400 0 0 0 0 0 0 0 0 0 0 0 0 0 0 0 0
999 12692 95 95 96 400 0 0 0 0 0 0 0 0 0 0 0 0 0 0 0 0
999 12692 96 96 97 400 0 0 0 0 0 0 0 0 0 0 0 0 0 0 0 0
999 12692 97 97 98 400 0 0 0 0 0 0 0 0 0 0 0 0 0 0 0 0
999 12692 98 98 99 400 0 0 0 0 0 0 0 0 0 0 0 0 0 0 0 0
999 12692 99 99 100 400 0 0 0 0 0 0 0 0 0 0 0 0 0 0 0 0

1000 6771.55 0 0 1 400 0 0 0 0 0 0 0 0 0 0 0 0 0 0 0 0
1000 6771.55 1 1 2 400 0 0 0 0 0 0 0 0 0 0 0 0 0 0 0 0
1000 6771.55 2 2 3 400 0 0 0 0 0 0 0 0 0 0 0 0 0 0 0 0
1000 6771.55 3 3 4 400 0 0 0 0 0 0 0 0 0 0 0 0 0 0 0 0
1000 6771.55 4 4 5 400 0 0 0 0 0 0 0 0 0 0 0 0 0 0 0 0
1000 6771.55 5 5 6 396 4 0 0 0 0 0 0 0 0 0 0 18 -18 0 0 24
1000 6771.55 6 6 7 394 6 0 0 0 0 0 0 0 18 -18 0 55 -55 0 0 93
1000 6771.55 7 7 8 389 11 0 0 0 0 0 0 0 55 -55 0 188 -188 0 0 349
1000 6771.55 8 8 9 368 32 0 0 0 0 0 0 0 188 -188 0 524 -524 0 0 1224
1000 6771.55 9 9 10 321 79 0 0 0 0 0 0 0 524 -524 0 753 -753 0 0 3145
1000 6771.55 10 10 11 245 155 0 0 0 0 0 0 0 753 -753 0 574 -574 0 0 5871
1000 6771.55 11 11 12 170 230 0 0 0 0 0 0 0 574 -574 0 216 -216 0 0 8544
1000 6771.55 12 12 13 100 300 0 0 0 0 0 0 0 216 -216 0 -129 129 0 0 10521
1000 6771.55 13 13 14 46 354 0 0 0 0 0 0 0 -129 129 0 -307 307 0 0 11694
1000 6771.55 14 14 15 15 385 0 0 0 0 0 0 0 -307 307 0 -381 381 0 0 12324
1000 6771.55 15 15 16 5 395 0 0 0 0 0 0 0 -381 381 0 -434 434 0 0 12679
1000 6771.55 16 16 17 5 395 0 0 0 0 0 0 0 -434 434 0 -459 459 0 0 12891
1000 6771.55 17 17 18 7 393 0 0 0 0 0 0 0 -459 459 0 -483 483 0 0 13058
1000 6771.55 18 18 19 3 397 0 0 0 0 0 0 0 -483 483 0 -492 492 0 0 13205
1000 6771.55 19 19 20 5 395 0 0 0 0 0 0 0 -492 492 0 -500 500 0 0 13338
1000 6771.55 20 20 21 7 393 0 0 0 0 0 0 0 -500 500 0 -503 503 0 0 13453
1000 6771.55 21 21 22 7 393 0 0 0 0 0 0 0 -503 503 0 -514 514 0 0 13581
1000 6771.55 22 22 23 5 395 0 0 0 0 0 0 0 -514 514 0 -525 525 0 0 13743
1000 6771.55 23 23 24 6 394 0 0 0 0 0 0 0 -525 525 0 -524 524 0 0 13897
1000 6771.55 24 24 25 7 393 0 0 0 0 0 0 0 -524 524 0 -523 523 0 0 14041
1000 6771.55 25 25 26 6 394 0 0 0 0 0 0 0 -523 523 0 -527 527 0 0 14184
1000 6771.55 26 26 27 5 395 0 0 0 0 0 0 0 -527 527 0 -537 537 0 0 14340
1000 6771.55 27 27 28 6 394 0 0 0 0 0 0 0 -537 537 0 -556 556 0 0 14497
1000 6771.55 28 28 29 4 396 0 0 0 0 0 0 0 -556 556 0 -555 555 0 0 14667
1000 6771.55 29 29 30 5 395 0 0 0 0 0 0 0 -555 555 0 -568 568 0 0 14849
1000 6771.55 30 30 31 4 396 0 0 0 0 0 0 0 -568 568 0 -579 579 0 0 15019
1000 6771.55 31 31 32 7 393 0 0 0 0 0 0 0 -579 579 0 -592 592 0 0 15193
1000 6771.55 32 32 33 10 390 0 0 0 0 0 0 0 -592 592 0 -599 599 0 0 15365
1000 6771.55 33 33 34 7 393 0 0 0 0 0 0 0 -599 599 0 -620 620 0 0 15527
1000 6771.55 34 34 35 7 393 0 0 0 0 0 0 0 -620 620 0 -624 624 0 0 15692
1000 6771.55 35 35 36 3 397 0 0 0 0 0 0 0 -624 624 0 -633 633 0 0 15853
1000 6771.55 36 36 37 6 394 0 0 0 0 0 0 0 -633 633 0 -652 652 0 0 16011
1000 6771.55 37 37 38 7 393 0 0 0 0 0 0 0 -652 652 0 -663 663 0 0 16183
1000 6771.55 38 38 39 4 396 0 0 0 0 0 0 0 -663 663 0 -672 672 0 0 16363
1000 6771.55 39 39 40 6 394 0 0 0 0 0 0 0 -672 672 0 -694 694 0 0 16568
1000 6771.55 40 40 41 4 396 0 0 0 0 0 0 0 -694 694 0 -689 689 0 0 16773
1000 6771.55 41 41 42 8 392 0 0 0 0 0 0 0 -689 689 0 -694 694 0 0 16969
1000 6771.55 42 42 43 6 394 0 0 0 0 0 0 0 -694 694 0 -700 700 0 0 17168
1000 6771.55 43 43 44 8 392 0 0 0 0 0 0 0 -700 700 0 -714 714 0 0 17350
1000 6771.55 44 44 45 9 391 0 0 0 0 0 0 0 -714 714 0 -731 731 0 0 17531
1000 6771.55 45 45 46 4 396 0 0 0 0 0 0 0 -731 731 0 -740 740 0 0 17729
1000 6771.55 46 46 47 5 395 0 0 0 0 0 0 0 -740 740 0 -767 767 0 0 17923
1000 6771.55 47 47 48 6 394 0 0 0 0 0 0 0 -767 767 0 -766 766 0 0 18103
1000 6771.55 48 48 49 7 393 0 0 0 0 0 0 0 -766 766 0 -797 797 0 0 18287
1000 6771.55 49 49 50 7 393 0 0 0 0 78 -78 0 -797 797 0 -831 831 0 10338 18442
1000 6771.55 50 50 51 8 392 0 78 -78 0 172 -172 0 -831 831 0 -830 830 0 28940 18405
1000 6771.55 51 51 52 5 395 0 172 -172 0 113 -113 0 -830 830 0 -774 774 0 36927 18116
1000 6771.55 52 52 53 3 397 0 113 -113 0 96 -96 0 -774 774 0 -754 754 0 36121 17732
1000 6771.55 53 53 54 5 395 0 96 -96 0 75 -75 0 -754 754 0 -737 737 0 35619 17351
1000 6771.55 54 54 55 5 395 0 75 -75 0 82 -82 0 -737 737 0 -745 745 0 35867 16986
1000 6771.55 55 55 56 1 399 0 82 -82 0 40 -40 0 -745 745 0 -700 700 0 36144 16617
1000 6771.55 56 56 57 1 399 0 40 -40 0 3 -3 0 -700 700 0 -661 661 0 36603 16243
1000 6771.55 57 57 58 2 398 0 3 -3 0 -15 15 0 -661 661 0 -641 641 0 36466 15890
1000 6771.55 58 58 59 2 398 0 -15 15 0 -57 57 0 -641 641 0 -594 594 0 35724 15533
1000 6771.55 59 59 60 9 391 0 -57 57 0 -58 58 0 -594 594 0 -599 599 0 35777 15193
1000 6771.55 60 60 61 4 396 0 -58 58 0 -51 51 0 -599 599 0 -603 603 0 35905 14858
1000 6771.55 61 61 62 7 393 0 -51 51 0 -74 74 0 -603 603 0 -581 581 0 35905 14498
1000 6771.55 62 62 63 7 393 0 -74 74 0 -79 79 0 -581 581 0 -581 581 0 36057 14178
1000 6771.55 63 63 64 2 398 0 -79 79 0 -113 113 0 -581 581 0 -543 543 0 35838 13862
1000 6771.55 64 64 65 2 398 0 -113 113 0 -113 113 0 -543 543 0 -542 542 0 35304 13527
1000 6771.55 65 65 66 2 398 0 -113 113 0 -81 81 0 -542 542 0 -571 571 0 34784 13167
1000 6771.55 66 66 67 7 393 0 -81 81 0 -56 56 0 -571 571 0 -599 599 0 34517 12772
1000 6771.55 67 67 68 3 397 0 -56 56 0 -13 13 0 -599 599 0 -644 644 0 34665 12369
1000 6771.55 68 68 69 5 395 0 -13 13 0 -25 25 0 -644 644 0 -637 637 0 34848 11953
1000 6771.55 69 69 70 2 398 0 -25 25 0 47 -47 0 -637 637 0 -705 705 0 34960 11580
1000 6771.55 70 70 71 1 399 0 47 -47 0 86 -86 0 -705 705 0 -737 737 0 35375 11234
1000 6771.55 71 71 72 5 395 0 86 -86 0 84 -84 0 -737 737 0 -736 736 0 35968 10893
1000 6771.55 72 72 73 1 399 0 84 -84 0 49 -49 0 -736 736 0 -698 698 0 35881 10524
1000 6771.55 73 73 74 2 398 0 49 -49 0 26 -26 0 -698 698 0 -674 674 0 35605 10118
1000 6771.55 74 74 75 9 391 0 26 -26 0 27 -27 0 -674 674 0 -681 681 0 35513 9737
1000 6771.55 75 75 76 5 395 0 27 -27 0 52 -52 0 -681 681 0 -710 710 0 35509 9349
1000 6771.55 76 76 77 3 397 0 52 -52 0 18 -18 0 -710 710 0 -677 677 0 35714 8923
1000 6771.55 77 77 78 2 398 0 18 -18 0 -12 12 0 -677 677 0 -648 648 0 35764 8537
1000 6771.55 78 78 79 4 396 0 -12 12 0 -10 10 0 -648 648 0 -653 653 0 35562 8211
1000 6771.55 79 79 80 5 395 0 -10 10 0 5 -5 0 -653 653 0 -670 670 0 35303 7863
1000 6771.55 80 80 81 4 396 0 5 -5 0 18 -18 0 -670 670 0 -682 682 0 35561 7516
1000 6771.55 81 81 82 4 396 0 18 -18 0 5 -5 0 -682 682 0 -670 670 0 35645 7188
1000 6771.55 82 82 83 2 398 0 5 -5 0 23 -23 0 -670 670 0 -689 689 0 35398 6833
1000 6771.55 83 83 84 4 396 0 23 -23 0 14 -14 0 -689 689 0 -680 680 0 35727 6487
1000 6771.55 84 84 85 5 395 0 14 -14 0 -24 24 0 -680 680 0 -645 645 0 36060 6145
1000 6771.55 85 85 86 3 397 0 -24 24 0 -10 10 0 -645 645 0 -659 659 0 36012 5778
1000 6771.55 86 86 87 5 395 0 -10 10 0 4 -4 0 -659 659 0 -674 674 0 35736 5411
1000 6771.55 87 87 88 4 396 0 4 -4 0 16 -16 0 -674 674 0 -688 688 0 35318 5054
1000 6771.55 88 88 89 3 397 0 16 -16 0 30 -30 0 -688 688 0 -702 702 0 35178 4694
1000 6771.55 89 89 90 3 397 0 30 -30 0 30 -30 0 -702 702 0 -702 702 0 35196 4298
1000 6771.55 90 90 91 6 394 0 30 -30 0 41 -41 0 -702 702 0 -716 716 0 35261 3888
1000 6771.55 91 91 92 2 398 0 41 -41 0 40 -40 0 -716 716 0 -713 713 0 35417 3509
1000 6771.55 92 92 93 5 394 1 40 -40 0 -11 12 -1 -713 713 0 -663 663 0 35925 3162
1000 6771.55 93 93 94 3 395 2 -11 12 -1 -92 94 -2 -663 663 0 -585 586 -1 36731 2796
1000 6771.55 94 94 95 2 394 4 -92 94 -2 -175 178 -3 -585 586 -1 -497 501 -4 37335 2394
1000 6771.55 95 95 96 4 391 5 -175 178 -3 -287 291 -4 -497 501 -4 -385 393 -8 37496 1964
1000 6771.55 96 96 97 7 377 16 -287 291 -4 -399 421 -22 -385 393 -8 -278 284 -6 37570 1517
1000 6771.55 97 97 98 4 378 18 -399 421 -22 -513 561 -48 -278 284 -6 -166 164 2 36638 1082
1000 6771.55 98 98 99 3 328 69 -513 561 -48 -616 738 -122 -166 164 2 -62 55 7 33991 684
1000 6771.55 99 99 100 3 298 99 -616 738 -122 -681 899 -218 -62 55 7 6 -10 4 27347 312
1000 6771.55 100 100 101 4 233 163 -681 899 -218 -579 658 -79 6 -10 4 -97 -2 99 18468 167
1000 6771.55 101 101 102 3 207 190 -579 658 -79 -396 449 -53 -97 -2 99 -278 0 278 12445 399
1000 6771.55 102 102 103 4 175 221 -396 449 -53 -276 270 6 -278 0 278 -398 4 394 8744 708
1000 6771.55 103 103 104 4 118 278 -276 270 6 -154 133 21 -398 4 394 -517 23 494 6208 947
1000 6771.55 104 104 105 4 72 324 -154 133 21 -91 53 38 -517 23 494 -582 31 551 4621 1131
1000 6771.55 105 105 106 2 43 355 -91 53 38 -47 23 24 -582 31 551 -624 18 606 3904 1252
1000 6771.55 106 106 107 7 24 369 -47 23 24 -9 10 -1 -624 18 606 -666 7 659 3728 1360
1000 6771.55 107 107 108 5 8 387 -9 10 -1 5 7 -12 -666 7 659 -679 2 677 3780 1441
1000 6771.55 108 108 109 2 2 396 5 7 -12 11 5 -16 -679 2 677 -684 2 682 3720 1491
1000 6771.55 109 109 110 1 4 395 11 5 -16 17 3 -20 -684 2 682 -687 0 687 3514 1539
1000 6771.55 110 110 111 3 1 396 17 3 -20 14 2 -16 -687 0 687 -685 0 685 3441 1600
1000 6771.55 111 111 112 5 1 394 14 2 -16 8 1 -9 -685 0 685 -680 0 680 3496 1669
1000 6771.55 112 112 113 4 1 395 8 1 -9 10 0 -10 -680 0 680 -682 0 682 3582 1730
1000 6771.55 113 113 114 4 0 396 10 0 -10 16 0 -16 -682 0 682 -690 0 690 3624 1794
1000 6771.55 114 114 115 2 0 398 16 0 -16 21 0 -21 -690 0 690 -694 0 694 3577 1862
1000 6771.55 115 115 116 3 0 397 21 0 -21 26 0 -26 -694 0 694 -700 0 700 3619 1922
1000 6771.55 116 116 117 2 0 398 26 0 -26 28 0 -28 -700 0 700 -700 0 700 3754 1988
1000 6771.55 117 117 118 2 0 398 28 0 -28 21 0 -21 -700 0 700 -691 0 691 3717 2045
1000 6771.55 118 118 119 5 0 395 21 0 -21 21 0 -21 -691 0 691 -690 0 690 3722 2091
1000 6771.55 119 119 120 6 0 394 21 0 -21 35 0 -35 -690 0 690 -707 0 707 3786 2143
1000 6771.55 120 120 121 6 0 394 35 0 -35 22 0 -22 -707 0 707 -698 0 698 3809 2201
1000 6771.55 121 121 122 2 0 398 22 0 -22 3 0 -3 -698 0 698 -677 0 677 3811 2273
1000 6771.55 122 122 123 3 0 397 3 0 -3 6 0 -6 -677 0 677 -676 0 676 3753 2335
1000 6771.55 123 123 124 2 0 398 6 0 -6 5 0 -5 -676 0 676 -676 0 676 3705 2382
1000 6771.55 124 124 125 6 0 394 5 0 -5 3 0 -3 -676 0 676 -675 0 675 3644 2431
1000 6771.55 125 125 126 5 0 395 3 0 -3 14 0 -14 -675 0 675 -686 0 686 3601 2489
1000 6771.55 126 126 127 4 0 396 14 0 -14 23 0 -23 -686 0 686 -696 0 696 3529 2554
1000 6771.55 127 127 128 2 0 398 23 0 -23 25 0 -25 -696 0 696 -696 0 696 3484 2614
1000 6771.55 128 128 129 4 0 396 25 0 -25 22 0 -22 -696 0 696 -692 0 692 3551 2676
1000 6771.55 129 129 130 4 0 396 22 0 -22 23 0 -23 -692 0 692 -696 0 696 3631 2738
1000 6771.55 130 130 131 4 0 396 23 0 -23 9 0 -9 -696 0 696 -685 0 685 3554 2801
1000 6771.55 131 131 132 4 0 396 9 0 -9 12 0 -12 -685 0 685 -690 0 690 3441 2865
1000 6771.55 132 132 133 4 0 396 12 0 -12 10 0 -10 -690 0 690 -691 0 691 3434 2927
1000 6771.55 133 133 134 3 0 397 10 0 -10 11 0 -11 -691 0 691 -693 0 693 3541 2984
1000 6771.55 134 134 135 4 0 396 11 0 -11 12 0 -12 -693 0 693 -695 0 695 3713 3036
1000 6771.55 135 135 136 5 0 395 12 0 -12 10 0 -10 -695 0 695 -692 0 692 3740 3091
1000 6771.55 136 136 137 5 0 395 10 0 -10 1 0 -1 -692 0 692 -684 0 684 3767 3148
1000 6771.55 137 137 138 3 0 397 1 0 -1 3 0 -3 -684 0 684 -682 0 682 3758 3198
1000 6771.55 138 138 139 1 0 399 3 0 -3 4 0 -4 -682 0 682 -682 0 682 3633 3230
1000 6771.55 139 139 140 3 0 397 4 0 -4 -7 0 7 -682 0 682 -672 0 672 3653 3262
1000 6771.55 140 140 141 3 0 397 -7 0 7 -15 0 15 -672 0 672 -664 0 664 3650 3324
1000 6771.55 141 141 142 8 0 392 -15 0 15 -23 0 23 -664 0 664 -663 0 663 3668 3399
1000 6771.55 142 142 143 1 0 399 -23 0 23 -25 0 25 -663 0 663 -661 0 661 3662 3456
1000 6771.55 143 143 144 4 0 396 -25 0 25 -20 0 20 -661 0 661 -668 0 668 3517 3499
1000 6771.55 144 144 145 4 0 396 -20 0 20 -10 0 10 -668 0 668 -679 0 679 3478 3537
1000 6771.55 145 145 146 4 0 396 -10 0 10 -8 0 8 -679 0 679 -682 0 682 3524 3577
1000 6771.55 146 146 147 7 0 393 -8 0 8 -6 0 6 -682 0 682 -688 0 688 3572 3622
1000 6771.55 147 147 148 5 0 395 -6 0 6 -8 0 8 -688 0 688 -688 0 688 3554 3666
1000 6771.55 148 148 149 3 0 397 -8 0 8 2 0 -2 -688 0 688 -696 0 696 3482 3718
1000 6771.55 149 149 150 2 0 398 2 0 -2 26 0 -26 -696 0 696 -721 0 721 3360 3789
1000 6771.55 150 150 151 4 0 396 26 0 -26 -8 0 8 -721 0 721 -724 0 724 2466 3837
1000 6771.55 151 151 152 4 0 396 -8 0 8 0 0 0 -724 0 724 -726 0 726 820 3838
1000 6771.55 152 152 153 6 0 394 0 0 0 0 0 0 -726 0 726 -729 0 729 0 3825
1000 6771.55 153 153 154 3 0 397 0 0 0 0 0 0 -729 0 729 -724 0 724 0 3803
1000 6771.55 154 154 155 5 0 395 0 0 0 0 0 0 -724 0 724 -714 0 714 0 3776
1000 6771.55 155 155 156 4 0 396 0 0 0 0 0 0 -714 0 714 -711 0 711 0 3751
1000 6771.55 156 156 157 7 0 393 0 0 0 0 0 0 -711 0 711 -707 0 707 0 3730
1000 6771.55 157 157 158 1 0 399 0 0 0 0 0 0 -707 0 707 -707 0 707 0 3716
1000 6771.55 158 158 159 0 0 400 0 0 0 0 0 0 -707 0 707 -700 0 700 0 3697
1000 6771.55 159 159 160 2 0 398 0 0 0 0 0 0 -700 0 700 -695 0 695 0 3671
1000 6771.55 160 160 161 1 0 399 0 0 0 0 0 0 -695 0 695 -690 0 690 0 3645
1000 6771.55 161 161 162 0 0 400 0 0 0 0 0 0 -690 0 690 -681 0 681 0 3621
1000 6771.55 162 162 163 6 0 394 0 0 0 0 0 0 -681 0 681 -679 0 679 0 3594
1000 6771.55 163 163 164 5 0 395 0 0 0 0 0 0 -679 0 679 -677 0 677 0 3568
1000 6771.55 164 164 165 4 0 396 0 0 0 0 0 0 -677 0 677 -675 0 675 0 3548
1000 6771.55 165 165 166 1 0 399 0 0 0 0 0 0 -675 0 675 -667 0 667 0 3526
1000 6771.55 166 166 167 4 0 396 0 0 0 0 0 0 -667 0 667 -658 0 658 0 3499
1000 6771.55 167 167 168 5 0 395 0 0 0 0 0 0 -658 0 658 -654 0 654 0 3472
1000 6771.55 168 168 169 1 0 399 0 0 0 0 0 0 -654 0 654 -655 0 655 0 3451
1000 6771.55 169 169 170 4 0 396 0 0 0 0 0 0 -655 0 655 -653 0 653 0 3434
1000 6771.55 170 170 171 4 0 396 0 0 0 0 0 0 -653 0 653 -648 0 648 0 3419
1000 6771.55 171 171 172 5 0 395 0 0 0 0 0 0 -648 0 648 -649 0 649 0 3401
1000 6771.55 172 172 173 6 0 394 0 0 0 0 0 0 -649 0 649 -647 0 647 0 3384
1000 6771.55 173 173 174 1 0 399 0 0 0 0 0 0 -647 0 647 -646 0 646 0 3365
1000 6771.55 174 174 175 2 0 398 0 0 0 0 0 0 -646 0 646 -636 0 636 0 3340
1000 6771.55 175 175 176 3 0 397 0 0 0 0 0 0 -636 0 636 -632 0 632 0 3320
1000 6771.55 176 176 177 4 0 396 0 0 0 0 0 0 -632 0 632 -628 0 628 0 3306
1000 6771.55 177 177 178 2 0 398 0 0 0 0 0 0 -628 0 628 -622 0 622 0 3284
1000 6771.55 178 178 179 7 0 393 0 0 0 0 0 0 -622 0 622 -617 0 617 0 3259
1000 6771.55 179 179 180 3 0 397 0 0 0 0 0 0 -617 0 617 -612 0 612 0 3245
1000 6771.55 180 180 181 5 0 395 0 0 0 0 0 0 -612 0 612 -610 0 610 0 3232
1000 6771.55 181 181 182 4 0 396 0 0 0 0 0 0 -610 0 610 -609 0 609 0 3217
1000 6771.55 182 182 183 3 0 397 0 0 0 0 0 0 -609 0 609 -599 0 599 0 3198
1000 6771.55 183 183 184 0 0 400 0 0 0 0 0 0 -599 0 599 -592 0 592 0 3177
1000 6771.55 184 184 185 2 0 398 0 0 0 0 0 0 -592 0 592 -589 0 589 0 3163
1000 6771.55 185 185 186 4 0 396 0 0 0 0 0 0 -589 0 589 -586 0 586 0 3145
1000 6771.55 186 186 187 3 0 397 0 0 0 0 0 0 -586 0 586 -585 0 585 0 3117
1000 6771.55 187 187 188 8 0 392 0 0 0 0 0 0 -585 0 585 -586 0 586 0 3087
1000 6771.55 188 188 189 9 0 391 0 0 0 0 0 0 -586 0 586 -616 0 616 0 3022
1000 6771.55 189 189 190 10 0 390 0 0 0 0 0 0 -616 0 616 -662 0 662 0 2798
1000 6771.55 190 190 191 33 0 367 0 0 0 0 0 0 -662 0 662 -566 0 566 0 2196
1000 6771.55 191 191 192 125 0 275 0 0 0 0 0 0 -566 0 566 -347 0 347 0 1349
1000 6771.55 192 192 193 256 0 144 0 0 0 0 0 0 -347 0 347 -143 0 143 0 636
1000 6771.55 193 193 194 358 0 42 0 0 0 0 0 0 -143 0 143 -41 0 41 0 218
1000 6771.55 194 194 195 384 0 16 0 0 0 0 0 0 -41 0 41 -6 0 6 0 53
1000 6771.55 195 195 196 397 0 3 0 0 0 0 0 0 -6 0 6 0 0 0 0 6
1000 6771.55 196 196 197 400 0 0 0 0 0 0 0 0 0 0 0 0 0 0 0 0
1000 6771.55 197 197 198 400 0 0 0 0 0 0 0 0 0 0 0 0 0 0 0 0
1000 6771.55 198 198 199 400 0 0 0 0 0 0 0 0 0 0 0 0 0 0 0 0
1000 6771.55 199 199 200 400 0 0 0 0 0 0 0 0 0 0 0 0 0 0 0 0
